(kicad_pcb (version 20171130) (host pcbnew "(5.0.2)-1")

  (general
    (thickness 1.6)
    (drawings 3)
    (tracks 2)
    (zones 0)
    (modules 28)
    (nets 33)
  )

  (page A4)
  (layers
    (0 F.Cu signal)
    (31 B.Cu signal)
    (32 B.Adhes user)
    (33 F.Adhes user)
    (34 B.Paste user)
    (35 F.Paste user)
    (36 B.SilkS user)
    (37 F.SilkS user)
    (38 B.Mask user)
    (39 F.Mask user)
    (40 Dwgs.User user)
    (41 Cmts.User user)
    (42 Eco1.User user)
    (43 Eco2.User user)
    (44 Edge.Cuts user)
    (45 Margin user)
    (46 B.CrtYd user)
    (47 F.CrtYd user)
    (48 B.Fab user)
    (49 F.Fab user)
  )

  (setup
    (last_trace_width 0.25)
    (user_trace_width 0.75)
    (trace_clearance 0.2)
    (zone_clearance 0.508)
    (zone_45_only no)
    (trace_min 0.2)
    (segment_width 0.2)
    (edge_width 0.1)
    (via_size 0.8)
    (via_drill 0.4)
    (via_min_size 0.4)
    (via_min_drill 0.3)
    (uvia_size 0.3)
    (uvia_drill 0.1)
    (uvias_allowed no)
    (uvia_min_size 0.2)
    (uvia_min_drill 0.1)
    (pcb_text_width 0.3)
    (pcb_text_size 1.5 1.5)
    (mod_edge_width 0.15)
    (mod_text_size 1 1)
    (mod_text_width 0.15)
    (pad_size 1.5 1.5)
    (pad_drill 0.6)
    (pad_to_mask_clearance 0)
    (aux_axis_origin 0 0)
    (visible_elements FFFFFF7F)
    (pcbplotparams
      (layerselection 0x010fc_ffffffff)
      (usegerberextensions false)
      (usegerberattributes false)
      (usegerberadvancedattributes false)
      (creategerberjobfile false)
      (excludeedgelayer true)
      (linewidth 0.100000)
      (plotframeref false)
      (viasonmask false)
      (mode 1)
      (useauxorigin false)
      (hpglpennumber 1)
      (hpglpenspeed 20)
      (hpglpendiameter 15.000000)
      (psnegative false)
      (psa4output false)
      (plotreference true)
      (plotvalue true)
      (plotinvisibletext false)
      (padsonsilk false)
      (subtractmaskfromsilk false)
      (outputformat 1)
      (mirror false)
      (drillshape 1)
      (scaleselection 1)
      (outputdirectory ""))
  )

  (net 0 "")
  (net 1 GND)
  (net 2 3.3V)
  (net 3 SDA)
  (net 4 SCL)
  (net 5 "Net-(J3-PadR2)")
  (net 6 INT)
  (net 7 "Net-(J3-PadT)")
  (net 8 "Net-(J3-PadS)")
  (net 9 "Net-(J4-PadS)")
  (net 10 "Net-(J4-PadT)")
  (net 11 "Net-(J4-PadR2)")
  (net 12 A2)
  (net 13 A1)
  (net 14 A0)
  (net 15 R1C1)
  (net 16 R2C1)
  (net 17 R3C1)
  (net 18 R1C2)
  (net 19 R2C2)
  (net 20 R3C2)
  (net 21 R1C3)
  (net 22 R2C3)
  (net 23 R3C3)
  (net 24 R1C4)
  (net 25 R2C4)
  (net 26 R3C4)
  (net 27 R1C5)
  (net 28 R2C5)
  (net 29 R3C5)
  (net 30 "Net-(SW16-Pad5)")
  (net 31 "Net-(SW16-Pad4)")
  (net 32 "Net-(U1-Pad20)")

  (net_class Default "これはデフォルトのネット クラスです。"
    (clearance 0.2)
    (trace_width 0.25)
    (via_dia 0.8)
    (via_drill 0.4)
    (uvia_dia 0.3)
    (uvia_drill 0.1)
    (add_net 3.3V)
    (add_net A0)
    (add_net A1)
    (add_net A2)
    (add_net GND)
    (add_net INT)
    (add_net "Net-(J3-PadR2)")
    (add_net "Net-(J3-PadS)")
    (add_net "Net-(J3-PadT)")
    (add_net "Net-(J4-PadR2)")
    (add_net "Net-(J4-PadS)")
    (add_net "Net-(J4-PadT)")
    (add_net "Net-(SW16-Pad4)")
    (add_net "Net-(SW16-Pad5)")
    (add_net "Net-(U1-Pad20)")
    (add_net R1C1)
    (add_net R1C2)
    (add_net R1C3)
    (add_net R1C4)
    (add_net R1C5)
    (add_net R2C1)
    (add_net R2C2)
    (add_net R2C3)
    (add_net R2C4)
    (add_net R2C5)
    (add_net R3C1)
    (add_net R3C2)
    (add_net R3C3)
    (add_net R3C4)
    (add_net R3C5)
    (add_net SCL)
    (add_net SDA)
  )

  (module Capacitor_SMD:C_0603_1608Metric_Pad1.05x0.95mm_HandSolder (layer B.Cu) (tedit 5B301BBE) (tstamp 5CAAF7D1)
    (at 93.55 124.75 90)
    (descr "Capacitor SMD 0603 (1608 Metric), square (rectangular) end terminal, IPC_7351 nominal with elongated pad for handsoldering. (Body size source: http://www.tortai-tech.com/upload/download/2011102023233369053.pdf), generated with kicad-footprint-generator")
    (tags "capacitor handsolder")
    (path /5CA55176)
    (attr smd)
    (fp_text reference C1 (at 0 1.43 90) (layer B.SilkS)
      (effects (font (size 1 1) (thickness 0.15)) (justify mirror))
    )
    (fp_text value 100n (at 0 -1.43 90) (layer B.Fab)
      (effects (font (size 1 1) (thickness 0.15)) (justify mirror))
    )
    (fp_line (start -0.8 -0.4) (end -0.8 0.4) (layer B.Fab) (width 0.1))
    (fp_line (start -0.8 0.4) (end 0.8 0.4) (layer B.Fab) (width 0.1))
    (fp_line (start 0.8 0.4) (end 0.8 -0.4) (layer B.Fab) (width 0.1))
    (fp_line (start 0.8 -0.4) (end -0.8 -0.4) (layer B.Fab) (width 0.1))
    (fp_line (start -0.171267 0.51) (end 0.171267 0.51) (layer B.SilkS) (width 0.12))
    (fp_line (start -0.171267 -0.51) (end 0.171267 -0.51) (layer B.SilkS) (width 0.12))
    (fp_line (start -1.65 -0.73) (end -1.65 0.73) (layer B.CrtYd) (width 0.05))
    (fp_line (start -1.65 0.73) (end 1.65 0.73) (layer B.CrtYd) (width 0.05))
    (fp_line (start 1.65 0.73) (end 1.65 -0.73) (layer B.CrtYd) (width 0.05))
    (fp_line (start 1.65 -0.73) (end -1.65 -0.73) (layer B.CrtYd) (width 0.05))
    (fp_text user %R (at 0 0 90) (layer B.Fab)
      (effects (font (size 0.4 0.4) (thickness 0.06)) (justify mirror))
    )
    (pad 1 smd roundrect (at -0.875 0 90) (size 1.05 0.95) (layers B.Cu B.Paste B.Mask) (roundrect_rratio 0.25)
      (net 1 GND))
    (pad 2 smd roundrect (at 0.875 0 90) (size 1.05 0.95) (layers B.Cu B.Paste B.Mask) (roundrect_rratio 0.25)
      (net 2 3.3V))
    (model ${KISYS3DMOD}/Capacitor_SMD.3dshapes/C_0603_1608Metric.wrl
      (at (xyz 0 0 0))
      (scale (xyz 1 1 1))
      (rotate (xyz 0 0 0))
    )
  )

  (module Capacitor_SMD:C_0603_1608Metric_Pad1.05x0.95mm_HandSolder (layer B.Cu) (tedit 5B301BBE) (tstamp 5CAAE527)
    (at 120 115 90)
    (descr "Capacitor SMD 0603 (1608 Metric), square (rectangular) end terminal, IPC_7351 nominal with elongated pad for handsoldering. (Body size source: http://www.tortai-tech.com/upload/download/2011102023233369053.pdf), generated with kicad-footprint-generator")
    (tags "capacitor handsolder")
    (path /5CA79EEC)
    (attr smd)
    (fp_text reference C2 (at 0 1.43 90) (layer B.SilkS)
      (effects (font (size 1 1) (thickness 0.15)) (justify mirror))
    )
    (fp_text value 1u (at 0 -1.43 90) (layer B.Fab)
      (effects (font (size 1 1) (thickness 0.15)) (justify mirror))
    )
    (fp_text user %R (at 0 0 90) (layer B.Fab)
      (effects (font (size 0.4 0.4) (thickness 0.06)) (justify mirror))
    )
    (fp_line (start 1.65 -0.73) (end -1.65 -0.73) (layer B.CrtYd) (width 0.05))
    (fp_line (start 1.65 0.73) (end 1.65 -0.73) (layer B.CrtYd) (width 0.05))
    (fp_line (start -1.65 0.73) (end 1.65 0.73) (layer B.CrtYd) (width 0.05))
    (fp_line (start -1.65 -0.73) (end -1.65 0.73) (layer B.CrtYd) (width 0.05))
    (fp_line (start -0.171267 -0.51) (end 0.171267 -0.51) (layer B.SilkS) (width 0.12))
    (fp_line (start -0.171267 0.51) (end 0.171267 0.51) (layer B.SilkS) (width 0.12))
    (fp_line (start 0.8 -0.4) (end -0.8 -0.4) (layer B.Fab) (width 0.1))
    (fp_line (start 0.8 0.4) (end 0.8 -0.4) (layer B.Fab) (width 0.1))
    (fp_line (start -0.8 0.4) (end 0.8 0.4) (layer B.Fab) (width 0.1))
    (fp_line (start -0.8 -0.4) (end -0.8 0.4) (layer B.Fab) (width 0.1))
    (pad 2 smd roundrect (at 0.875 0 90) (size 1.05 0.95) (layers B.Cu B.Paste B.Mask) (roundrect_rratio 0.25)
      (net 1 GND))
    (pad 1 smd roundrect (at -0.875 0 90) (size 1.05 0.95) (layers B.Cu B.Paste B.Mask) (roundrect_rratio 0.25)
      (net 2 3.3V))
    (model ${KISYS3DMOD}/Capacitor_SMD.3dshapes/C_0603_1608Metric.wrl
      (at (xyz 0 0 0))
      (scale (xyz 1 1 1))
      (rotate (xyz 0 0 0))
    )
  )

  (module Capacitor_SMD:C_0603_1608Metric_Pad1.05x0.95mm_HandSolder (layer B.Cu) (tedit 5B301BBE) (tstamp 5CAAB80A)
    (at 55.694482 130 270)
    (descr "Capacitor SMD 0603 (1608 Metric), square (rectangular) end terminal, IPC_7351 nominal with elongated pad for handsoldering. (Body size source: http://www.tortai-tech.com/upload/download/2011102023233369053.pdf), generated with kicad-footprint-generator")
    (tags "capacitor handsolder")
    (path /5CA79EF3)
    (attr smd)
    (fp_text reference C3 (at 0 1.43 270) (layer B.SilkS)
      (effects (font (size 1 1) (thickness 0.15)) (justify mirror))
    )
    (fp_text value 1u (at 0 -1.43 270) (layer B.Fab)
      (effects (font (size 1 1) (thickness 0.15)) (justify mirror))
    )
    (fp_line (start -0.8 -0.4) (end -0.8 0.4) (layer B.Fab) (width 0.1))
    (fp_line (start -0.8 0.4) (end 0.8 0.4) (layer B.Fab) (width 0.1))
    (fp_line (start 0.8 0.4) (end 0.8 -0.4) (layer B.Fab) (width 0.1))
    (fp_line (start 0.8 -0.4) (end -0.8 -0.4) (layer B.Fab) (width 0.1))
    (fp_line (start -0.171267 0.51) (end 0.171267 0.51) (layer B.SilkS) (width 0.12))
    (fp_line (start -0.171267 -0.51) (end 0.171267 -0.51) (layer B.SilkS) (width 0.12))
    (fp_line (start -1.65 -0.73) (end -1.65 0.73) (layer B.CrtYd) (width 0.05))
    (fp_line (start -1.65 0.73) (end 1.65 0.73) (layer B.CrtYd) (width 0.05))
    (fp_line (start 1.65 0.73) (end 1.65 -0.73) (layer B.CrtYd) (width 0.05))
    (fp_line (start 1.65 -0.73) (end -1.65 -0.73) (layer B.CrtYd) (width 0.05))
    (fp_text user %R (at 0 0 270) (layer B.Fab)
      (effects (font (size 0.4 0.4) (thickness 0.06)) (justify mirror))
    )
    (pad 1 smd roundrect (at -0.875 0 270) (size 1.05 0.95) (layers B.Cu B.Paste B.Mask) (roundrect_rratio 0.25)
      (net 2 3.3V))
    (pad 2 smd roundrect (at 0.875 0 270) (size 1.05 0.95) (layers B.Cu B.Paste B.Mask) (roundrect_rratio 0.25)
      (net 1 GND))
    (model ${KISYS3DMOD}/Capacitor_SMD.3dshapes/C_0603_1608Metric.wrl
      (at (xyz 0 0 0))
      (scale (xyz 1 1 1))
      (rotate (xyz 0 0 0))
    )
  )

  (module Connector_Audio_Mod:Jack_3.5mm_PJ320D_Horizontal_Mod locked (layer B.Cu) (tedit 5CA9ADC1) (tstamp 5CAAB82F)
    (at 128 123.2 180)
    (descr "Headphones with microphone connector, 3.5mm, 4 pins (http://www.qingpu-electronics.com/en/products/WQP-PJ320D-72.html)")
    (tags "3.5mm jack mic microphone phones headphones 4pins audio plug")
    (path /5CA650D1)
    (attr smd)
    (fp_text reference J1 (at 0.05 5.35 180) (layer B.SilkS)
      (effects (font (size 1 1) (thickness 0.15)) (justify mirror))
    )
    (fp_text value AudioJack4 (at -0.025 -6.35 180) (layer B.Fab)
      (effects (font (size 1 1) (thickness 0.15)) (justify mirror))
    )
    (fp_circle (center 3.9 2.35) (end 3.95 2.1) (layer B.Fab) (width 0.12))
    (fp_line (start -6.375 -2.5) (end -8.375 -2.5) (layer B.SilkS) (width 0.12))
    (fp_line (start -6.375 2.5) (end -8.375 2.5) (layer B.SilkS) (width 0.12))
    (fp_line (start -8.375 2.5) (end -8.375 -2.5) (layer B.SilkS) (width 0.12))
    (fp_line (start -6.375 -2.5) (end -6.375 -3.1) (layer B.SilkS) (width 0.12))
    (fp_line (start -6.375 3.1) (end -6.375 2.5) (layer B.SilkS) (width 0.12))
    (fp_line (start -8.73 5) (end 6.07 5) (layer B.CrtYd) (width 0.05))
    (fp_line (start -8.73 -5) (end 6.07 -5) (layer B.CrtYd) (width 0.05))
    (fp_line (start 5.725 -3.1) (end 5.725 3.1) (layer B.SilkS) (width 0.12))
    (fp_line (start -8.73 -5) (end -8.73 5) (layer B.CrtYd) (width 0.05))
    (fp_line (start 6.07 -5) (end 6.07 5) (layer B.CrtYd) (width 0.05))
    (fp_line (start -6.375 3.1) (end -4 3.1) (layer B.SilkS) (width 0.12))
    (fp_line (start -2.35 3.1) (end -1 3.1) (layer B.SilkS) (width 0.12))
    (fp_line (start 0.65 3.1) (end 3.05 3.1) (layer B.SilkS) (width 0.12))
    (fp_line (start 4.6 3.1) (end 5.725 3.1) (layer B.SilkS) (width 0.12))
    (fp_line (start 4.15 -3.1) (end -6.375 -3.1) (layer B.SilkS) (width 0.12))
    (fp_line (start 5.575 2.9) (end 5.575 -2.9) (layer B.Fab) (width 0.1))
    (fp_line (start -6.225 2.9) (end 5.575 2.9) (layer B.Fab) (width 0.1))
    (fp_line (start -6.225 2.3) (end -6.225 2.9) (layer B.Fab) (width 0.1))
    (fp_line (start -8.225 2.3) (end -6.225 2.3) (layer B.Fab) (width 0.1))
    (fp_line (start -8.225 -2.3) (end -8.225 2.3) (layer B.Fab) (width 0.1))
    (fp_line (start -6.225 -2.3) (end -8.225 -2.3) (layer B.Fab) (width 0.1))
    (fp_line (start -6.225 -2.9) (end -6.225 -2.3) (layer B.Fab) (width 0.1))
    (fp_line (start 5.575 -2.9) (end -6.225 -2.9) (layer B.Fab) (width 0.1))
    (fp_line (start 4.6 3.1) (end 4.6 4.5) (layer B.SilkS) (width 0.12))
    (fp_line (start 3.05 3.1) (end 3.05 4.5) (layer B.SilkS) (width 0.12))
    (fp_text user %R (at -1.195 0 180) (layer B.Fab)
      (effects (font (size 1 1) (thickness 0.15)) (justify mirror))
    )
    (pad "" np_thru_hole circle (at 2.225 0 180) (size 1.5 1.5) (drill 1.5) (layers *.Cu *.Mask))
    (pad "" np_thru_hole circle (at -4.775 0 180) (size 1.5 1.5) (drill 1.5) (layers *.Cu *.Mask))
    (pad R2 smd rect (at -3.175 3.25 180) (size 1.2 2.5) (layers B.Cu B.Paste B.Mask)
      (net 3 SDA))
    (pad R1 smd rect (at -0.175 3.25 180) (size 1.2 2.5) (layers B.Cu B.Paste B.Mask)
      (net 4 SCL))
    (pad T smd rect (at 3.825 3.25 180) (size 1.2 2.5) (layers B.Cu B.Paste B.Mask)
      (net 2 3.3V))
    (pad S smd rect (at 4.925 -3.25 180) (size 1.2 2.5) (layers B.Cu B.Paste B.Mask)
      (net 1 GND))
    (model ${KISYS3DMOD}/Connector_Audio.3dshapes/Jack_3.5mm_PJ320D_Horizontal.wrl
      (at (xyz 0 0 0))
      (scale (xyz 1 1 1))
      (rotate (xyz 0 0 0))
    )
  )

  (module Connector_Audio_Mod:Jack_3.5mm_PJ320D_Horizontal_Mod locked (layer B.Cu) (tedit 5CA9ADC1) (tstamp 5CAAB854)
    (at 50.46 123.2)
    (descr "Headphones with microphone connector, 3.5mm, 4 pins (http://www.qingpu-electronics.com/en/products/WQP-PJ320D-72.html)")
    (tags "3.5mm jack mic microphone phones headphones 4pins audio plug")
    (path /5CA945E7)
    (attr smd)
    (fp_text reference J2 (at 0.05 5.35) (layer B.SilkS)
      (effects (font (size 1 1) (thickness 0.15)) (justify mirror))
    )
    (fp_text value AudioJack4 (at -0.025 -6.35) (layer B.Fab)
      (effects (font (size 1 1) (thickness 0.15)) (justify mirror))
    )
    (fp_text user %R (at -1.195 0) (layer B.Fab)
      (effects (font (size 1 1) (thickness 0.15)) (justify mirror))
    )
    (fp_line (start 3.05 3.1) (end 3.05 4.5) (layer B.SilkS) (width 0.12))
    (fp_line (start 4.6 3.1) (end 4.6 4.5) (layer B.SilkS) (width 0.12))
    (fp_line (start 5.575 -2.9) (end -6.225 -2.9) (layer B.Fab) (width 0.1))
    (fp_line (start -6.225 -2.9) (end -6.225 -2.3) (layer B.Fab) (width 0.1))
    (fp_line (start -6.225 -2.3) (end -8.225 -2.3) (layer B.Fab) (width 0.1))
    (fp_line (start -8.225 -2.3) (end -8.225 2.3) (layer B.Fab) (width 0.1))
    (fp_line (start -8.225 2.3) (end -6.225 2.3) (layer B.Fab) (width 0.1))
    (fp_line (start -6.225 2.3) (end -6.225 2.9) (layer B.Fab) (width 0.1))
    (fp_line (start -6.225 2.9) (end 5.575 2.9) (layer B.Fab) (width 0.1))
    (fp_line (start 5.575 2.9) (end 5.575 -2.9) (layer B.Fab) (width 0.1))
    (fp_line (start 4.15 -3.1) (end -6.375 -3.1) (layer B.SilkS) (width 0.12))
    (fp_line (start 4.6 3.1) (end 5.725 3.1) (layer B.SilkS) (width 0.12))
    (fp_line (start 0.65 3.1) (end 3.05 3.1) (layer B.SilkS) (width 0.12))
    (fp_line (start -2.35 3.1) (end -1 3.1) (layer B.SilkS) (width 0.12))
    (fp_line (start -6.375 3.1) (end -4 3.1) (layer B.SilkS) (width 0.12))
    (fp_line (start 6.07 -5) (end 6.07 5) (layer B.CrtYd) (width 0.05))
    (fp_line (start -8.73 -5) (end -8.73 5) (layer B.CrtYd) (width 0.05))
    (fp_line (start 5.725 -3.1) (end 5.725 3.1) (layer B.SilkS) (width 0.12))
    (fp_line (start -8.73 -5) (end 6.07 -5) (layer B.CrtYd) (width 0.05))
    (fp_line (start -8.73 5) (end 6.07 5) (layer B.CrtYd) (width 0.05))
    (fp_line (start -6.375 3.1) (end -6.375 2.5) (layer B.SilkS) (width 0.12))
    (fp_line (start -6.375 -2.5) (end -6.375 -3.1) (layer B.SilkS) (width 0.12))
    (fp_line (start -8.375 2.5) (end -8.375 -2.5) (layer B.SilkS) (width 0.12))
    (fp_line (start -6.375 2.5) (end -8.375 2.5) (layer B.SilkS) (width 0.12))
    (fp_line (start -6.375 -2.5) (end -8.375 -2.5) (layer B.SilkS) (width 0.12))
    (fp_circle (center 3.9 2.35) (end 3.95 2.1) (layer B.Fab) (width 0.12))
    (pad S smd rect (at 4.925 -3.25) (size 1.2 2.5) (layers B.Cu B.Paste B.Mask)
      (net 1 GND))
    (pad T smd rect (at 3.825 3.25) (size 1.2 2.5) (layers B.Cu B.Paste B.Mask)
      (net 2 3.3V))
    (pad R1 smd rect (at -0.175 3.25) (size 1.2 2.5) (layers B.Cu B.Paste B.Mask)
      (net 4 SCL))
    (pad R2 smd rect (at -3.175 3.25) (size 1.2 2.5) (layers B.Cu B.Paste B.Mask)
      (net 3 SDA))
    (pad "" np_thru_hole circle (at -4.775 0) (size 1.5 1.5) (drill 1.5) (layers *.Cu *.Mask))
    (pad "" np_thru_hole circle (at 2.225 0) (size 1.5 1.5) (drill 1.5) (layers *.Cu *.Mask))
    (model ${KISYS3DMOD}/Connector_Audio.3dshapes/Jack_3.5mm_PJ320D_Horizontal.wrl
      (at (xyz 0 0 0))
      (scale (xyz 1 1 1))
      (rotate (xyz 0 0 0))
    )
  )

  (module Connector_Audio_Mod:Jack_3.5mm_PJ320D_Horizontal_Mod locked (layer B.Cu) (tedit 5CA9ADC1) (tstamp 5CAAB879)
    (at 128 47 180)
    (descr "Headphones with microphone connector, 3.5mm, 4 pins (http://www.qingpu-electronics.com/en/products/WQP-PJ320D-72.html)")
    (tags "3.5mm jack mic microphone phones headphones 4pins audio plug")
    (path /5CA964C3)
    (attr smd)
    (fp_text reference J3 (at 0.05 5.35 180) (layer B.SilkS)
      (effects (font (size 1 1) (thickness 0.15)) (justify mirror))
    )
    (fp_text value AudioJack4 (at -0.025 -6.35 180) (layer B.Fab)
      (effects (font (size 1 1) (thickness 0.15)) (justify mirror))
    )
    (fp_circle (center 3.9 2.35) (end 3.95 2.1) (layer B.Fab) (width 0.12))
    (fp_line (start -6.375 -2.5) (end -8.375 -2.5) (layer B.SilkS) (width 0.12))
    (fp_line (start -6.375 2.5) (end -8.375 2.5) (layer B.SilkS) (width 0.12))
    (fp_line (start -8.375 2.5) (end -8.375 -2.5) (layer B.SilkS) (width 0.12))
    (fp_line (start -6.375 -2.5) (end -6.375 -3.1) (layer B.SilkS) (width 0.12))
    (fp_line (start -6.375 3.1) (end -6.375 2.5) (layer B.SilkS) (width 0.12))
    (fp_line (start -8.73 5) (end 6.07 5) (layer B.CrtYd) (width 0.05))
    (fp_line (start -8.73 -5) (end 6.07 -5) (layer B.CrtYd) (width 0.05))
    (fp_line (start 5.725 -3.1) (end 5.725 3.1) (layer B.SilkS) (width 0.12))
    (fp_line (start -8.73 -5) (end -8.73 5) (layer B.CrtYd) (width 0.05))
    (fp_line (start 6.07 -5) (end 6.07 5) (layer B.CrtYd) (width 0.05))
    (fp_line (start -6.375 3.1) (end -4 3.1) (layer B.SilkS) (width 0.12))
    (fp_line (start -2.35 3.1) (end -1 3.1) (layer B.SilkS) (width 0.12))
    (fp_line (start 0.65 3.1) (end 3.05 3.1) (layer B.SilkS) (width 0.12))
    (fp_line (start 4.6 3.1) (end 5.725 3.1) (layer B.SilkS) (width 0.12))
    (fp_line (start 4.15 -3.1) (end -6.375 -3.1) (layer B.SilkS) (width 0.12))
    (fp_line (start 5.575 2.9) (end 5.575 -2.9) (layer B.Fab) (width 0.1))
    (fp_line (start -6.225 2.9) (end 5.575 2.9) (layer B.Fab) (width 0.1))
    (fp_line (start -6.225 2.3) (end -6.225 2.9) (layer B.Fab) (width 0.1))
    (fp_line (start -8.225 2.3) (end -6.225 2.3) (layer B.Fab) (width 0.1))
    (fp_line (start -8.225 -2.3) (end -8.225 2.3) (layer B.Fab) (width 0.1))
    (fp_line (start -6.225 -2.3) (end -8.225 -2.3) (layer B.Fab) (width 0.1))
    (fp_line (start -6.225 -2.9) (end -6.225 -2.3) (layer B.Fab) (width 0.1))
    (fp_line (start 5.575 -2.9) (end -6.225 -2.9) (layer B.Fab) (width 0.1))
    (fp_line (start 4.6 3.1) (end 4.6 4.5) (layer B.SilkS) (width 0.12))
    (fp_line (start 3.05 3.1) (end 3.05 4.5) (layer B.SilkS) (width 0.12))
    (fp_text user %R (at -1.195 4.267501 180) (layer B.Fab)
      (effects (font (size 1 1) (thickness 0.15)) (justify mirror))
    )
    (pad "" np_thru_hole circle (at 2.225 0 180) (size 1.5 1.5) (drill 1.5) (layers *.Cu *.Mask))
    (pad "" np_thru_hole circle (at -4.775 0 180) (size 1.5 1.5) (drill 1.5) (layers *.Cu *.Mask))
    (pad R2 smd rect (at -3.175 3.25 180) (size 1.2 2.5) (layers B.Cu B.Paste B.Mask)
      (net 5 "Net-(J3-PadR2)"))
    (pad R1 smd rect (at -0.175 3.25 180) (size 1.2 2.5) (layers B.Cu B.Paste B.Mask)
      (net 6 INT))
    (pad T smd rect (at 3.825 3.25 180) (size 1.2 2.5) (layers B.Cu B.Paste B.Mask)
      (net 7 "Net-(J3-PadT)"))
    (pad S smd rect (at 4.925 -3.25 180) (size 1.2 2.5) (layers B.Cu B.Paste B.Mask)
      (net 8 "Net-(J3-PadS)"))
    (model ${KISYS3DMOD}/Connector_Audio.3dshapes/Jack_3.5mm_PJ320D_Horizontal.wrl
      (at (xyz 0 0 0))
      (scale (xyz 1 1 1))
      (rotate (xyz 0 0 0))
    )
  )

  (module Connector_Audio_Mod:Jack_3.5mm_PJ320D_Horizontal_Mod locked (layer B.Cu) (tedit 5CA9ADC1) (tstamp 5CAAB89E)
    (at 50.46 47)
    (descr "Headphones with microphone connector, 3.5mm, 4 pins (http://www.qingpu-electronics.com/en/products/WQP-PJ320D-72.html)")
    (tags "3.5mm jack mic microphone phones headphones 4pins audio plug")
    (path /5CA9FF13)
    (attr smd)
    (fp_text reference J4 (at 0.05 5.35) (layer B.SilkS)
      (effects (font (size 1 1) (thickness 0.15)) (justify mirror))
    )
    (fp_text value AudioJack4 (at -0.025 -6.35) (layer B.Fab)
      (effects (font (size 1 1) (thickness 0.15)) (justify mirror))
    )
    (fp_text user %R (at -1.195 0) (layer B.Fab)
      (effects (font (size 1 1) (thickness 0.15)) (justify mirror))
    )
    (fp_line (start 3.05 3.1) (end 3.05 4.5) (layer B.SilkS) (width 0.12))
    (fp_line (start 4.6 3.1) (end 4.6 4.5) (layer B.SilkS) (width 0.12))
    (fp_line (start 5.575 -2.9) (end -6.225 -2.9) (layer B.Fab) (width 0.1))
    (fp_line (start -6.225 -2.9) (end -6.225 -2.3) (layer B.Fab) (width 0.1))
    (fp_line (start -6.225 -2.3) (end -8.225 -2.3) (layer B.Fab) (width 0.1))
    (fp_line (start -8.225 -2.3) (end -8.225 2.3) (layer B.Fab) (width 0.1))
    (fp_line (start -8.225 2.3) (end -6.225 2.3) (layer B.Fab) (width 0.1))
    (fp_line (start -6.225 2.3) (end -6.225 2.9) (layer B.Fab) (width 0.1))
    (fp_line (start -6.225 2.9) (end 5.575 2.9) (layer B.Fab) (width 0.1))
    (fp_line (start 5.575 2.9) (end 5.575 -2.9) (layer B.Fab) (width 0.1))
    (fp_line (start 4.15 -3.1) (end -6.375 -3.1) (layer B.SilkS) (width 0.12))
    (fp_line (start 4.6 3.1) (end 5.725 3.1) (layer B.SilkS) (width 0.12))
    (fp_line (start 0.65 3.1) (end 3.05 3.1) (layer B.SilkS) (width 0.12))
    (fp_line (start -2.35 3.1) (end -1 3.1) (layer B.SilkS) (width 0.12))
    (fp_line (start -6.375 3.1) (end -4 3.1) (layer B.SilkS) (width 0.12))
    (fp_line (start 6.07 -5) (end 6.07 5) (layer B.CrtYd) (width 0.05))
    (fp_line (start -8.73 -5) (end -8.73 5) (layer B.CrtYd) (width 0.05))
    (fp_line (start 5.725 -3.1) (end 5.725 3.1) (layer B.SilkS) (width 0.12))
    (fp_line (start -8.73 -5) (end 6.07 -5) (layer B.CrtYd) (width 0.05))
    (fp_line (start -8.73 5) (end 6.07 5) (layer B.CrtYd) (width 0.05))
    (fp_line (start -6.375 3.1) (end -6.375 2.5) (layer B.SilkS) (width 0.12))
    (fp_line (start -6.375 -2.5) (end -6.375 -3.1) (layer B.SilkS) (width 0.12))
    (fp_line (start -8.375 2.5) (end -8.375 -2.5) (layer B.SilkS) (width 0.12))
    (fp_line (start -6.375 2.5) (end -8.375 2.5) (layer B.SilkS) (width 0.12))
    (fp_line (start -6.375 -2.5) (end -8.375 -2.5) (layer B.SilkS) (width 0.12))
    (fp_circle (center 3.9 2.35) (end 3.95 2.1) (layer B.Fab) (width 0.12))
    (pad S smd rect (at 4.925 -3.25) (size 1.2 2.5) (layers B.Cu B.Paste B.Mask)
      (net 9 "Net-(J4-PadS)"))
    (pad T smd rect (at 3.825 3.25) (size 1.2 2.5) (layers B.Cu B.Paste B.Mask)
      (net 10 "Net-(J4-PadT)"))
    (pad R1 smd rect (at -0.175 3.25) (size 1.2 2.5) (layers B.Cu B.Paste B.Mask)
      (net 6 INT))
    (pad R2 smd rect (at -3.175 3.25) (size 1.2 2.5) (layers B.Cu B.Paste B.Mask)
      (net 11 "Net-(J4-PadR2)"))
    (pad "" np_thru_hole circle (at -4.775 0) (size 1.5 1.5) (drill 1.5) (layers *.Cu *.Mask))
    (pad "" np_thru_hole circle (at 2.225 0) (size 1.5 1.5) (drill 1.5) (layers *.Cu *.Mask))
    (model ${KISYS3DMOD}/Connector_Audio.3dshapes/Jack_3.5mm_PJ320D_Horizontal.wrl
      (at (xyz 0 0 0))
      (scale (xyz 1 1 1))
      (rotate (xyz 0 0 0))
    )
  )

  (module Resistor_SMD:R_0603_1608Metric_Pad1.05x0.95mm_HandSolder (layer B.Cu) (tedit 5B301BBD) (tstamp 5CAAB8AF)
    (at 69.30452 126.515741 180)
    (descr "Resistor SMD 0603 (1608 Metric), square (rectangular) end terminal, IPC_7351 nominal with elongated pad for handsoldering. (Body size source: http://www.tortai-tech.com/upload/download/2011102023233369053.pdf), generated with kicad-footprint-generator")
    (tags "resistor handsolder")
    (path /5CA64F01)
    (attr smd)
    (fp_text reference R1 (at 0 1.43 180) (layer B.SilkS)
      (effects (font (size 1 1) (thickness 0.15)) (justify mirror))
    )
    (fp_text value 1M (at 0 -1.43 180) (layer B.Fab)
      (effects (font (size 1 1) (thickness 0.15)) (justify mirror))
    )
    (fp_line (start -0.8 -0.4) (end -0.8 0.4) (layer B.Fab) (width 0.1))
    (fp_line (start -0.8 0.4) (end 0.8 0.4) (layer B.Fab) (width 0.1))
    (fp_line (start 0.8 0.4) (end 0.8 -0.4) (layer B.Fab) (width 0.1))
    (fp_line (start 0.8 -0.4) (end -0.8 -0.4) (layer B.Fab) (width 0.1))
    (fp_line (start -0.171267 0.51) (end 0.171267 0.51) (layer B.SilkS) (width 0.12))
    (fp_line (start -0.171267 -0.51) (end 0.171267 -0.51) (layer B.SilkS) (width 0.12))
    (fp_line (start -1.65 -0.73) (end -1.65 0.73) (layer B.CrtYd) (width 0.05))
    (fp_line (start -1.65 0.73) (end 1.65 0.73) (layer B.CrtYd) (width 0.05))
    (fp_line (start 1.65 0.73) (end 1.65 -0.73) (layer B.CrtYd) (width 0.05))
    (fp_line (start 1.65 -0.73) (end -1.65 -0.73) (layer B.CrtYd) (width 0.05))
    (fp_text user %R (at 0 0 180) (layer B.Fab)
      (effects (font (size 0.4 0.4) (thickness 0.06)) (justify mirror))
    )
    (pad 1 smd roundrect (at -0.875 0 180) (size 1.05 0.95) (layers B.Cu B.Paste B.Mask) (roundrect_rratio 0.25)
      (net 12 A2))
    (pad 2 smd roundrect (at 0.875 0 180) (size 1.05 0.95) (layers B.Cu B.Paste B.Mask) (roundrect_rratio 0.25)
      (net 2 3.3V))
    (model ${KISYS3DMOD}/Resistor_SMD.3dshapes/R_0603_1608Metric.wrl
      (at (xyz 0 0 0))
      (scale (xyz 1 1 1))
      (rotate (xyz 0 0 0))
    )
  )

  (module Resistor_SMD:R_0603_1608Metric_Pad1.05x0.95mm_HandSolder (layer B.Cu) (tedit 5B301BBD) (tstamp 5CAAB8C0)
    (at 69.30452 128.025741 180)
    (descr "Resistor SMD 0603 (1608 Metric), square (rectangular) end terminal, IPC_7351 nominal with elongated pad for handsoldering. (Body size source: http://www.tortai-tech.com/upload/download/2011102023233369053.pdf), generated with kicad-footprint-generator")
    (tags "resistor handsolder")
    (path /5CA64E00)
    (attr smd)
    (fp_text reference R2 (at 0 1.43 180) (layer B.SilkS)
      (effects (font (size 1 1) (thickness 0.15)) (justify mirror))
    )
    (fp_text value 1M (at 0 -1.43 180) (layer B.Fab)
      (effects (font (size 1 1) (thickness 0.15)) (justify mirror))
    )
    (fp_line (start -0.8 -0.4) (end -0.8 0.4) (layer B.Fab) (width 0.1))
    (fp_line (start -0.8 0.4) (end 0.8 0.4) (layer B.Fab) (width 0.1))
    (fp_line (start 0.8 0.4) (end 0.8 -0.4) (layer B.Fab) (width 0.1))
    (fp_line (start 0.8 -0.4) (end -0.8 -0.4) (layer B.Fab) (width 0.1))
    (fp_line (start -0.171267 0.51) (end 0.171267 0.51) (layer B.SilkS) (width 0.12))
    (fp_line (start -0.171267 -0.51) (end 0.171267 -0.51) (layer B.SilkS) (width 0.12))
    (fp_line (start -1.65 -0.73) (end -1.65 0.73) (layer B.CrtYd) (width 0.05))
    (fp_line (start -1.65 0.73) (end 1.65 0.73) (layer B.CrtYd) (width 0.05))
    (fp_line (start 1.65 0.73) (end 1.65 -0.73) (layer B.CrtYd) (width 0.05))
    (fp_line (start 1.65 -0.73) (end -1.65 -0.73) (layer B.CrtYd) (width 0.05))
    (fp_text user %R (at 0 0 180) (layer B.Fab)
      (effects (font (size 0.4 0.4) (thickness 0.06)) (justify mirror))
    )
    (pad 1 smd roundrect (at -0.875 0 180) (size 1.05 0.95) (layers B.Cu B.Paste B.Mask) (roundrect_rratio 0.25)
      (net 13 A1))
    (pad 2 smd roundrect (at 0.875 0 180) (size 1.05 0.95) (layers B.Cu B.Paste B.Mask) (roundrect_rratio 0.25)
      (net 2 3.3V))
    (model ${KISYS3DMOD}/Resistor_SMD.3dshapes/R_0603_1608Metric.wrl
      (at (xyz 0 0 0))
      (scale (xyz 1 1 1))
      (rotate (xyz 0 0 0))
    )
  )

  (module Resistor_SMD:R_0603_1608Metric_Pad1.05x0.95mm_HandSolder (layer B.Cu) (tedit 5B301BBD) (tstamp 5CAAB8D1)
    (at 65.95452 126.515741 180)
    (descr "Resistor SMD 0603 (1608 Metric), square (rectangular) end terminal, IPC_7351 nominal with elongated pad for handsoldering. (Body size source: http://www.tortai-tech.com/upload/download/2011102023233369053.pdf), generated with kicad-footprint-generator")
    (tags "resistor handsolder")
    (path /5CA64E83)
    (attr smd)
    (fp_text reference R3 (at 0 1.43 180) (layer B.SilkS)
      (effects (font (size 1 1) (thickness 0.15)) (justify mirror))
    )
    (fp_text value 1M (at 0 -1.43 180) (layer B.Fab)
      (effects (font (size 1 1) (thickness 0.15)) (justify mirror))
    )
    (fp_text user %R (at 0 0 180) (layer B.Fab)
      (effects (font (size 0.4 0.4) (thickness 0.06)) (justify mirror))
    )
    (fp_line (start 1.65 -0.73) (end -1.65 -0.73) (layer B.CrtYd) (width 0.05))
    (fp_line (start 1.65 0.73) (end 1.65 -0.73) (layer B.CrtYd) (width 0.05))
    (fp_line (start -1.65 0.73) (end 1.65 0.73) (layer B.CrtYd) (width 0.05))
    (fp_line (start -1.65 -0.73) (end -1.65 0.73) (layer B.CrtYd) (width 0.05))
    (fp_line (start -0.171267 -0.51) (end 0.171267 -0.51) (layer B.SilkS) (width 0.12))
    (fp_line (start -0.171267 0.51) (end 0.171267 0.51) (layer B.SilkS) (width 0.12))
    (fp_line (start 0.8 -0.4) (end -0.8 -0.4) (layer B.Fab) (width 0.1))
    (fp_line (start 0.8 0.4) (end 0.8 -0.4) (layer B.Fab) (width 0.1))
    (fp_line (start -0.8 0.4) (end 0.8 0.4) (layer B.Fab) (width 0.1))
    (fp_line (start -0.8 -0.4) (end -0.8 0.4) (layer B.Fab) (width 0.1))
    (pad 2 smd roundrect (at 0.875 0 180) (size 1.05 0.95) (layers B.Cu B.Paste B.Mask) (roundrect_rratio 0.25)
      (net 2 3.3V))
    (pad 1 smd roundrect (at -0.875 0 180) (size 1.05 0.95) (layers B.Cu B.Paste B.Mask) (roundrect_rratio 0.25)
      (net 14 A0))
    (model ${KISYS3DMOD}/Resistor_SMD.3dshapes/R_0603_1608Metric.wrl
      (at (xyz 0 0 0))
      (scale (xyz 1 1 1))
      (rotate (xyz 0 0 0))
    )
  )

  (module Resistor_SMD:R_0603_1608Metric_Pad1.05x0.95mm_HandSolder (layer B.Cu) (tedit 5B301BBD) (tstamp 5CAAB8E2)
    (at 89.175001 45 90)
    (descr "Resistor SMD 0603 (1608 Metric), square (rectangular) end terminal, IPC_7351 nominal with elongated pad for handsoldering. (Body size source: http://www.tortai-tech.com/upload/download/2011102023233369053.pdf), generated with kicad-footprint-generator")
    (tags "resistor handsolder")
    (path /5CA7732B)
    (attr smd)
    (fp_text reference R4 (at 0 1.43 90) (layer B.SilkS)
      (effects (font (size 1 1) (thickness 0.15)) (justify mirror))
    )
    (fp_text value 10k (at 0 -1.43 90) (layer B.Fab)
      (effects (font (size 1 1) (thickness 0.15)) (justify mirror))
    )
    (fp_text user %R (at 0 0 90) (layer B.Fab)
      (effects (font (size 0.4 0.4) (thickness 0.06)) (justify mirror))
    )
    (fp_line (start 1.65 -0.73) (end -1.65 -0.73) (layer B.CrtYd) (width 0.05))
    (fp_line (start 1.65 0.73) (end 1.65 -0.73) (layer B.CrtYd) (width 0.05))
    (fp_line (start -1.65 0.73) (end 1.65 0.73) (layer B.CrtYd) (width 0.05))
    (fp_line (start -1.65 -0.73) (end -1.65 0.73) (layer B.CrtYd) (width 0.05))
    (fp_line (start -0.171267 -0.51) (end 0.171267 -0.51) (layer B.SilkS) (width 0.12))
    (fp_line (start -0.171267 0.51) (end 0.171267 0.51) (layer B.SilkS) (width 0.12))
    (fp_line (start 0.8 -0.4) (end -0.8 -0.4) (layer B.Fab) (width 0.1))
    (fp_line (start 0.8 0.4) (end 0.8 -0.4) (layer B.Fab) (width 0.1))
    (fp_line (start -0.8 0.4) (end 0.8 0.4) (layer B.Fab) (width 0.1))
    (fp_line (start -0.8 -0.4) (end -0.8 0.4) (layer B.Fab) (width 0.1))
    (pad 2 smd roundrect (at 0.875 0 90) (size 1.05 0.95) (layers B.Cu B.Paste B.Mask) (roundrect_rratio 0.25)
      (net 6 INT))
    (pad 1 smd roundrect (at -0.875 0 90) (size 1.05 0.95) (layers B.Cu B.Paste B.Mask) (roundrect_rratio 0.25)
      (net 2 3.3V))
    (model ${KISYS3DMOD}/Resistor_SMD.3dshapes/R_0603_1608Metric.wrl
      (at (xyz 0 0 0))
      (scale (xyz 1 1 1))
      (rotate (xyz 0 0 0))
    )
  )

  (module kbd:CherryMX_Hotswap_1side locked (layer F.Cu) (tedit 5CA81359) (tstamp 5CAAB902)
    (at 51.075001 61.075001)
    (path /5CA5B229)
    (attr smd)
    (fp_text reference SW1 (at 7 8.1) (layer F.SilkS) hide
      (effects (font (size 1 1) (thickness 0.15)))
    )
    (fp_text value SW_Push (at -7.4 -8.1) (layer F.Fab) hide
      (effects (font (size 1 1) (thickness 0.15)))
    )
    (fp_line (start 11 11) (end 11 -11) (layer F.Fab) (width 0.15))
    (fp_line (start -11 11) (end 11 11) (layer F.Fab) (width 0.15))
    (fp_line (start -11 -11) (end -11 11) (layer F.Fab) (width 0.15))
    (fp_line (start 11 -11) (end -11 -11) (layer F.Fab) (width 0.15))
    (fp_line (start -7 7) (end -7 -7) (layer Eco2.User) (width 0.15))
    (fp_line (start 7 7) (end -7 7) (layer Eco2.User) (width 0.15))
    (fp_line (start 7 -7) (end 7 7) (layer Eco2.User) (width 0.15))
    (fp_line (start -7 -7) (end 7 -7) (layer Eco2.User) (width 0.15))
    (fp_line (start -9 9) (end -9 -9) (layer Eco2.User) (width 0.15))
    (fp_line (start 9 9) (end -9 9) (layer Eco2.User) (width 0.15))
    (fp_line (start 9 -9) (end 9 9) (layer Eco2.User) (width 0.15))
    (fp_line (start -9 -9) (end 9 -9) (layer Eco2.User) (width 0.15))
    (fp_line (start -6.1 -0.896) (end -2.49 -0.896) (layer B.SilkS) (width 0.15))
    (fp_line (start -6.1 -4.85) (end -6.1 -0.905) (layer B.SilkS) (width 0.15))
    (fp_line (start 4.8 -6.804) (end -3.825 -6.804) (layer B.SilkS) (width 0.15))
    (fp_line (start 4.8 -2.896) (end 4.8 -6.804) (layer B.SilkS) (width 0.15))
    (fp_line (start 4.8 -2.85) (end -0.25 -2.804) (layer B.SilkS) (width 0.15))
    (fp_arc (start -4.015 -4.73) (end -3.825 -6.804) (angle -90) (layer B.SilkS) (width 0.15))
    (fp_arc (start -0.415 -0.73) (end -0.225 -2.8) (angle -90) (layer B.SilkS) (width 0.15))
    (pad 2 smd rect (at 5.6 -5.08 180) (size 2 2) (layers B.Cu B.Paste B.Mask)
      (net 15 R1C1))
    (pad "" np_thru_hole circle (at -3.81 -2.54 180) (size 3 3) (drill 3) (layers *.Cu *.Mask))
    (pad "" np_thru_hole circle (at -5.08 0) (size 1.7 1.7) (drill 1.7) (layers *.Cu *.Mask))
    (pad "" np_thru_hole circle (at 5.08 0) (size 1.7 1.7) (drill 1.7) (layers *.Cu *.Mask))
    (pad "" np_thru_hole circle (at 5.5 0 90) (size 1.9 1.9) (drill 1.9) (layers *.Cu *.Mask))
    (pad "" np_thru_hole circle (at -5.5 0 90) (size 1.9 1.9) (drill 1.9) (layers *.Cu *.Mask))
    (pad "" np_thru_hole circle (at 0 0 90) (size 4 4) (drill 4) (layers *.Cu *.Mask))
    (pad "" np_thru_hole circle (at 2.54 -5.08 180) (size 3 3) (drill 3) (layers *.Cu *.Mask))
    (pad 1 smd rect (at -6.9 -2.54 180) (size 2 2) (layers B.Cu B.Paste B.Mask)
      (net 1 GND))
  )

  (module kbd:CherryMX_Hotswap_1side locked (layer F.Cu) (tedit 5CA81359) (tstamp 5CAAB922)
    (at 51.075001 80.125001)
    (path /5CA5F9E0)
    (attr smd)
    (fp_text reference SW2 (at 7 8.1) (layer F.SilkS) hide
      (effects (font (size 1 1) (thickness 0.15)))
    )
    (fp_text value SW_Push (at -7.4 -8.1) (layer F.Fab) hide
      (effects (font (size 1 1) (thickness 0.15)))
    )
    (fp_arc (start -0.415 -0.73) (end -0.225 -2.8) (angle -90) (layer B.SilkS) (width 0.15))
    (fp_arc (start -4.015 -4.73) (end -3.825 -6.804) (angle -90) (layer B.SilkS) (width 0.15))
    (fp_line (start 4.8 -2.85) (end -0.25 -2.804) (layer B.SilkS) (width 0.15))
    (fp_line (start 4.8 -2.896) (end 4.8 -6.804) (layer B.SilkS) (width 0.15))
    (fp_line (start 4.8 -6.804) (end -3.825 -6.804) (layer B.SilkS) (width 0.15))
    (fp_line (start -6.1 -4.85) (end -6.1 -0.905) (layer B.SilkS) (width 0.15))
    (fp_line (start -6.1 -0.896) (end -2.49 -0.896) (layer B.SilkS) (width 0.15))
    (fp_line (start -9 -9) (end 9 -9) (layer Eco2.User) (width 0.15))
    (fp_line (start 9 -9) (end 9 9) (layer Eco2.User) (width 0.15))
    (fp_line (start 9 9) (end -9 9) (layer Eco2.User) (width 0.15))
    (fp_line (start -9 9) (end -9 -9) (layer Eco2.User) (width 0.15))
    (fp_line (start -7 -7) (end 7 -7) (layer Eco2.User) (width 0.15))
    (fp_line (start 7 -7) (end 7 7) (layer Eco2.User) (width 0.15))
    (fp_line (start 7 7) (end -7 7) (layer Eco2.User) (width 0.15))
    (fp_line (start -7 7) (end -7 -7) (layer Eco2.User) (width 0.15))
    (fp_line (start 11 -11) (end -11 -11) (layer F.Fab) (width 0.15))
    (fp_line (start -11 -11) (end -11 11) (layer F.Fab) (width 0.15))
    (fp_line (start -11 11) (end 11 11) (layer F.Fab) (width 0.15))
    (fp_line (start 11 11) (end 11 -11) (layer F.Fab) (width 0.15))
    (pad 1 smd rect (at -6.9 -2.54 180) (size 2 2) (layers B.Cu B.Paste B.Mask)
      (net 16 R2C1))
    (pad "" np_thru_hole circle (at 2.54 -5.08 180) (size 3 3) (drill 3) (layers *.Cu *.Mask))
    (pad "" np_thru_hole circle (at 0 0 90) (size 4 4) (drill 4) (layers *.Cu *.Mask))
    (pad "" np_thru_hole circle (at -5.5 0 90) (size 1.9 1.9) (drill 1.9) (layers *.Cu *.Mask))
    (pad "" np_thru_hole circle (at 5.5 0 90) (size 1.9 1.9) (drill 1.9) (layers *.Cu *.Mask))
    (pad "" np_thru_hole circle (at 5.08 0) (size 1.7 1.7) (drill 1.7) (layers *.Cu *.Mask))
    (pad "" np_thru_hole circle (at -5.08 0) (size 1.7 1.7) (drill 1.7) (layers *.Cu *.Mask))
    (pad "" np_thru_hole circle (at -3.81 -2.54 180) (size 3 3) (drill 3) (layers *.Cu *.Mask))
    (pad 2 smd rect (at 5.6 -5.08 180) (size 2 2) (layers B.Cu B.Paste B.Mask)
      (net 1 GND))
  )

  (module kbd:CherryMX_Hotswap_1side locked (layer F.Cu) (tedit 5CA81359) (tstamp 5CAAB942)
    (at 51.075001 99.175001)
    (path /5CA603D8)
    (attr smd)
    (fp_text reference SW3 (at 7 8.1) (layer F.SilkS) hide
      (effects (font (size 1 1) (thickness 0.15)))
    )
    (fp_text value SW_Push (at -7.4 -8.1) (layer F.Fab) hide
      (effects (font (size 1 1) (thickness 0.15)))
    )
    (fp_arc (start -0.415 -0.73) (end -0.225 -2.8) (angle -90) (layer B.SilkS) (width 0.15))
    (fp_arc (start -4.015 -4.73) (end -3.825 -6.804) (angle -90) (layer B.SilkS) (width 0.15))
    (fp_line (start 4.8 -2.85) (end -0.25 -2.804) (layer B.SilkS) (width 0.15))
    (fp_line (start 4.8 -2.896) (end 4.8 -6.804) (layer B.SilkS) (width 0.15))
    (fp_line (start 4.8 -6.804) (end -3.825 -6.804) (layer B.SilkS) (width 0.15))
    (fp_line (start -6.1 -4.85) (end -6.1 -0.905) (layer B.SilkS) (width 0.15))
    (fp_line (start -6.1 -0.896) (end -2.49 -0.896) (layer B.SilkS) (width 0.15))
    (fp_line (start -9 -9) (end 9 -9) (layer Eco2.User) (width 0.15))
    (fp_line (start 9 -9) (end 9 9) (layer Eco2.User) (width 0.15))
    (fp_line (start 9 9) (end -9 9) (layer Eco2.User) (width 0.15))
    (fp_line (start -9 9) (end -9 -9) (layer Eco2.User) (width 0.15))
    (fp_line (start -7 -7) (end 7 -7) (layer Eco2.User) (width 0.15))
    (fp_line (start 7 -7) (end 7 7) (layer Eco2.User) (width 0.15))
    (fp_line (start 7 7) (end -7 7) (layer Eco2.User) (width 0.15))
    (fp_line (start -7 7) (end -7 -7) (layer Eco2.User) (width 0.15))
    (fp_line (start 11 -11) (end -11 -11) (layer F.Fab) (width 0.15))
    (fp_line (start -11 -11) (end -11 11) (layer F.Fab) (width 0.15))
    (fp_line (start -11 11) (end 11 11) (layer F.Fab) (width 0.15))
    (fp_line (start 11 11) (end 11 -11) (layer F.Fab) (width 0.15))
    (pad 1 smd rect (at -6.9 -2.54 180) (size 2 2) (layers B.Cu B.Paste B.Mask)
      (net 17 R3C1))
    (pad "" np_thru_hole circle (at 2.54 -5.08 180) (size 3 3) (drill 3) (layers *.Cu *.Mask))
    (pad "" np_thru_hole circle (at 0 0 90) (size 4 4) (drill 4) (layers *.Cu *.Mask))
    (pad "" np_thru_hole circle (at -5.5 0 90) (size 1.9 1.9) (drill 1.9) (layers *.Cu *.Mask))
    (pad "" np_thru_hole circle (at 5.5 0 90) (size 1.9 1.9) (drill 1.9) (layers *.Cu *.Mask))
    (pad "" np_thru_hole circle (at 5.08 0) (size 1.7 1.7) (drill 1.7) (layers *.Cu *.Mask))
    (pad "" np_thru_hole circle (at -5.08 0) (size 1.7 1.7) (drill 1.7) (layers *.Cu *.Mask))
