(kicad_pcb (version 20171130) (host pcbnew "(5.0.2)-1")

  (general
    (thickness 1.6)
    (drawings 5)
    (tracks 0)
    (zones 0)
    (modules 28)
    (nets 33)
  )

  (page A4)
  (layers
    (0 F.Cu signal)
    (31 B.Cu signal)
    (32 B.Adhes user)
    (33 F.Adhes user)
    (34 B.Paste user)
    (35 F.Paste user)
    (36 B.SilkS user)
    (37 F.SilkS user)
    (38 B.Mask user)
    (39 F.Mask user)
    (40 Dwgs.User user)
    (41 Cmts.User user)
    (42 Eco1.User user)
    (43 Eco2.User user)
    (44 Edge.Cuts user)
    (45 Margin user)
    (46 B.CrtYd user)
    (47 F.CrtYd user)
    (48 B.Fab user)
    (49 F.Fab user)
  )

  (setup
    (last_trace_width 0.25)
    (trace_clearance 0.2)
    (zone_clearance 0.508)
    (zone_45_only no)
    (trace_min 0.2)
    (segment_width 0.2)
    (edge_width 0.15)
    (via_size 0.8)
    (via_drill 0.4)
    (via_min_size 0.4)
    (via_min_drill 0.3)
    (uvia_size 0.3)
    (uvia_drill 0.1)
    (uvias_allowed no)
    (uvia_min_size 0.2)
    (uvia_min_drill 0.1)
    (pcb_text_width 0.3)
    (pcb_text_size 1.5 1.5)
    (mod_edge_width 0.15)
    (mod_text_size 1 1)
    (mod_text_width 0.15)
    (pad_size 1.524 1.524)
    (pad_drill 0.762)
    (pad_to_mask_clearance 0.051)
    (solder_mask_min_width 0.25)
    (aux_axis_origin 0 0)
    (visible_elements 7FFFFFFF)
    (pcbplotparams
      (layerselection 0x010fc_ffffffff)
      (usegerberextensions false)
      (usegerberattributes false)
      (usegerberadvancedattributes false)
      (creategerberjobfile false)
      (excludeedgelayer true)
      (linewidth 0.100000)
      (plotframeref false)
      (viasonmask false)
      (mode 1)
      (useauxorigin false)
      (hpglpennumber 1)
      (hpglpenspeed 20)
      (hpglpendiameter 15.000000)
      (psnegative false)
      (psa4output false)
      (plotreference true)
      (plotvalue true)
      (plotinvisibletext false)
      (padsonsilk false)
      (subtractmaskfromsilk false)
      (outputformat 1)
      (mirror false)
      (drillshape 1)
      (scaleselection 1)
      (outputdirectory ""))
  )

  (net 0 "")
  (net 1 GND)
  (net 2 3.3V)
  (net 3 SDA)
  (net 4 SCL)
  (net 5 INT)
  (net 6 A0)
  (net 7 A1)
  (net 8 A2)
  (net 9 R1C1)
  (net 10 R1C2)
  (net 11 R1C3)
  (net 12 R1C4)
  (net 13 R1C5)
  (net 14 R2C1)
  (net 15 R2C2)
  (net 16 R2C3)
  (net 17 R2C4)
  (net 18 R2C5)
  (net 19 R3C1)
  (net 20 R3C2)
  (net 21 R3C3)
  (net 22 R3C4)
  (net 23 R3C5)
  (net 24 "Net-(SW16-Pad5)")
  (net 25 "Net-(SW16-Pad4)")
  (net 26 "Net-(U1-Pad20)")
  (net 27 "Net-(J3-PadS)")
  (net 28 "Net-(J3-PadT)")
  (net 29 "Net-(J3-PadR2)")
  (net 30 "Net-(J4-PadR2)")
  (net 31 "Net-(J4-PadT)")
  (net 32 "Net-(J4-PadS)")

  (net_class Default "これはデフォルトのネット クラスです。"
    (clearance 0.2)
    (trace_width 0.25)
    (via_dia 0.8)
    (via_drill 0.4)
    (uvia_dia 0.3)
    (uvia_drill 0.1)
    (add_net 3.3V)
    (add_net A0)
    (add_net A1)
    (add_net A2)
    (add_net GND)
    (add_net INT)
    (add_net "Net-(J3-PadR2)")
    (add_net "Net-(J3-PadS)")
    (add_net "Net-(J3-PadT)")
    (add_net "Net-(J4-PadR2)")
    (add_net "Net-(J4-PadS)")
    (add_net "Net-(J4-PadT)")
    (add_net "Net-(SW16-Pad4)")
    (add_net "Net-(SW16-Pad5)")
    (add_net "Net-(U1-Pad20)")
    (add_net R1C1)
    (add_net R1C2)
    (add_net R1C3)
    (add_net R1C4)
    (add_net R1C5)
    (add_net R2C1)
    (add_net R2C2)
    (add_net R2C3)
    (add_net R2C4)
    (add_net R2C5)
    (add_net R3C1)
    (add_net R3C2)
    (add_net R3C3)
    (add_net R3C4)
    (add_net R3C5)
    (add_net SCL)
    (add_net SDA)
  )

  (module Resistor_SMD:R_0603_1608Metric_Pad1.05x0.95mm_HandSolder (layer B.Cu) (tedit 5B301BBD) (tstamp 5CB2C053)
    (at 156.250001 99.930001 180)
    (descr "Resistor SMD 0603 (1608 Metric), square (rectangular) end terminal, IPC_7351 nominal with elongated pad for handsoldering. (Body size source: http://www.tortai-tech.com/upload/download/2011102023233369053.pdf), generated with kicad-footprint-generator")
    (tags "resistor handsolder")
    (path /5CA64E83)
    (attr smd)
    (fp_text reference R3 (at 0 1.43 180) (layer B.SilkS)
      (effects (font (size 1 1) (thickness 0.15)) (justify mirror))
    )
    (fp_text value 1M (at 0 -1.43 180) (layer B.Fab)
      (effects (font (size 1 1) (thickness 0.15)) (justify mirror))
    )
    (fp_line (start -0.8 -0.4) (end -0.8 0.4) (layer B.Fab) (width 0.1))
    (fp_line (start -0.8 0.4) (end 0.8 0.4) (layer B.Fab) (width 0.1))
    (fp_line (start 0.8 0.4) (end 0.8 -0.4) (layer B.Fab) (width 0.1))
    (fp_line (start 0.8 -0.4) (end -0.8 -0.4) (layer B.Fab) (width 0.1))
    (fp_line (start -0.171267 0.51) (end 0.171267 0.51) (layer B.SilkS) (width 0.12))
    (fp_line (start -0.171267 -0.51) (end 0.171267 -0.51) (layer B.SilkS) (width 0.12))
    (fp_line (start -1.65 -0.73) (end -1.65 0.73) (layer B.CrtYd) (width 0.05))
    (fp_line (start -1.65 0.73) (end 1.65 0.73) (layer B.CrtYd) (width 0.05))
    (fp_line (start 1.65 0.73) (end 1.65 -0.73) (layer B.CrtYd) (width 0.05))
    (fp_line (start 1.65 -0.73) (end -1.65 -0.73) (layer B.CrtYd) (width 0.05))
    (fp_text user %R (at 0 0 180) (layer B.Fab)
      (effects (font (size 0.4 0.4) (thickness 0.06)) (justify mirror))
    )
    (pad 1 smd roundrect (at -0.875 0 180) (size 1.05 0.95) (layers B.Cu B.Paste B.Mask) (roundrect_rratio 0.25)
      (net 6 A0))
    (pad 2 smd roundrect (at 0.875 0 180) (size 1.05 0.95) (layers B.Cu B.Paste B.Mask) (roundrect_rratio 0.25)
      (net 2 3.3V))
    (model ${KISYS3DMOD}/Resistor_SMD.3dshapes/R_0603_1608Metric.wrl
      (at (xyz 0 0 0))
      (scale (xyz 1 1 1))
      (rotate (xyz 0 0 0))
    )
  )

  (module Resistor_SMD:R_0603_1608Metric_Pad1.05x0.95mm_HandSolder (layer B.Cu) (tedit 5B301BBD) (tstamp 5CB2C031)
    (at 156.250001 94.850001 180)
    (descr "Resistor SMD 0603 (1608 Metric), square (rectangular) end terminal, IPC_7351 nominal with elongated pad for handsoldering. (Body size source: http://www.tortai-tech.com/upload/download/2011102023233369053.pdf), generated with kicad-footprint-generator")
    (tags "resistor handsolder")
    (path /5CA64F01)
    (attr smd)
    (fp_text reference R1 (at 0 1.43 180) (layer B.SilkS)
      (effects (font (size 1 1) (thickness 0.15)) (justify mirror))
    )
    (fp_text value 1M (at 0 -1.43 180) (layer B.Fab)
      (effects (font (size 1 1) (thickness 0.15)) (justify mirror))
    )
    (fp_line (start -0.8 -0.4) (end -0.8 0.4) (layer B.Fab) (width 0.1))
    (fp_line (start -0.8 0.4) (end 0.8 0.4) (layer B.Fab) (width 0.1))
    (fp_line (start 0.8 0.4) (end 0.8 -0.4) (layer B.Fab) (width 0.1))
    (fp_line (start 0.8 -0.4) (end -0.8 -0.4) (layer B.Fab) (width 0.1))
    (fp_line (start -0.171267 0.51) (end 0.171267 0.51) (layer B.SilkS) (width 0.12))
    (fp_line (start -0.171267 -0.51) (end 0.171267 -0.51) (layer B.SilkS) (width 0.12))
    (fp_line (start -1.65 -0.73) (end -1.65 0.73) (layer B.CrtYd) (width 0.05))
    (fp_line (start -1.65 0.73) (end 1.65 0.73) (layer B.CrtYd) (width 0.05))
    (fp_line (start 1.65 0.73) (end 1.65 -0.73) (layer B.CrtYd) (width 0.05))
    (fp_line (start 1.65 -0.73) (end -1.65 -0.73) (layer B.CrtYd) (width 0.05))
    (fp_text user %R (at 0 0 180) (layer B.Fab)
      (effects (font (size 0.4 0.4) (thickness 0.06)) (justify mirror))
    )
    (pad 1 smd roundrect (at -0.875 0 180) (size 1.05 0.95) (layers B.Cu B.Paste B.Mask) (roundrect_rratio 0.25)
      (net 8 A2))
    (pad 2 smd roundrect (at 0.875 0 180) (size 1.05 0.95) (layers B.Cu B.Paste B.Mask) (roundrect_rratio 0.25)
      (net 2 3.3V))
    (model ${KISYS3DMOD}/Resistor_SMD.3dshapes/R_0603_1608Metric.wrl
      (at (xyz 0 0 0))
      (scale (xyz 1 1 1))
      (rotate (xyz 0 0 0))
    )
  )

  (module Capacitor_SMD:C_0603_1608Metric_Pad1.05x0.95mm_HandSolder (layer B.Cu) (tedit 5B301BBE) (tstamp 5CB3199C)
    (at 129.7 110.75 270)
    (descr "Capacitor SMD 0603 (1608 Metric), square (rectangular) end terminal, IPC_7351 nominal with elongated pad for handsoldering. (Body size source: http://www.tortai-tech.com/upload/download/2011102023233369053.pdf), generated with kicad-footprint-generator")
    (tags "capacitor handsolder")
    (path /5CA55176)
    (attr smd)
    (fp_text reference C1 (at 0 1.43 270) (layer B.SilkS)
      (effects (font (size 1 1) (thickness 0.15)) (justify mirror))
    )
    (fp_text value 100n (at 0 -1.43 270) (layer B.Fab)
      (effects (font (size 1 1) (thickness 0.15)) (justify mirror))
    )
    (fp_text user %R (at 0 0 270) (layer B.Fab)
      (effects (font (size 0.4 0.4) (thickness 0.06)) (justify mirror))
    )
    (fp_line (start 1.65 -0.73) (end -1.65 -0.73) (layer B.CrtYd) (width 0.05))
    (fp_line (start 1.65 0.73) (end 1.65 -0.73) (layer B.CrtYd) (width 0.05))
    (fp_line (start -1.65 0.73) (end 1.65 0.73) (layer B.CrtYd) (width 0.05))
    (fp_line (start -1.65 -0.73) (end -1.65 0.73) (layer B.CrtYd) (width 0.05))
    (fp_line (start -0.171267 -0.51) (end 0.171267 -0.51) (layer B.SilkS) (width 0.12))
    (fp_line (start -0.171267 0.51) (end 0.171267 0.51) (layer B.SilkS) (width 0.12))
    (fp_line (start 0.8 -0.4) (end -0.8 -0.4) (layer B.Fab) (width 0.1))
    (fp_line (start 0.8 0.4) (end 0.8 -0.4) (layer B.Fab) (width 0.1))
    (fp_line (start -0.8 0.4) (end 0.8 0.4) (layer B.Fab) (width 0.1))
    (fp_line (start -0.8 -0.4) (end -0.8 0.4) (layer B.Fab) (width 0.1))
    (pad 2 smd roundrect (at 0.875 0 270) (size 1.05 0.95) (layers B.Cu B.Paste B.Mask) (roundrect_rratio 0.25)
      (net 2 3.3V))
    (pad 1 smd roundrect (at -0.875 0 270) (size 1.05 0.95) (layers B.Cu B.Paste B.Mask) (roundrect_rratio 0.25)
      (net 1 GND))
    (model ${KISYS3DMOD}/Capacitor_SMD.3dshapes/C_0603_1608Metric.wrl
      (at (xyz 0 0 0))
      (scale (xyz 1 1 1))
      (rotate (xyz 0 0 0))
    )
  )

  (module Capacitor_SMD:C_0603_1608Metric_Pad1.05x0.95mm_HandSolder (layer B.Cu) (tedit 5B301BBE) (tstamp 5CB2BFD3)
    (at 156.13 111.3 270)
    (descr "Capacitor SMD 0603 (1608 Metric), square (rectangular) end terminal, IPC_7351 nominal with elongated pad for handsoldering. (Body size source: http://www.tortai-tech.com/upload/download/2011102023233369053.pdf), generated with kicad-footprint-generator")
    (tags "capacitor handsolder")
    (path /5CA79EEC)
    (attr smd)
    (fp_text reference C2 (at 0 1.43 270) (layer B.SilkS)
      (effects (font (size 1 1) (thickness 0.15)) (justify mirror))
    )
    (fp_text value 1u (at 0 -1.43 270) (layer B.Fab)
      (effects (font (size 1 1) (thickness 0.15)) (justify mirror))
    )
    (fp_line (start -0.8 -0.4) (end -0.8 0.4) (layer B.Fab) (width 0.1))
    (fp_line (start -0.8 0.4) (end 0.8 0.4) (layer B.Fab) (width 0.1))
    (fp_line (start 0.8 0.4) (end 0.8 -0.4) (layer B.Fab) (width 0.1))
    (fp_line (start 0.8 -0.4) (end -0.8 -0.4) (layer B.Fab) (width 0.1))
    (fp_line (start -0.171267 0.51) (end 0.171267 0.51) (layer B.SilkS) (width 0.12))
    (fp_line (start -0.171267 -0.51) (end 0.171267 -0.51) (layer B.SilkS) (width 0.12))
    (fp_line (start -1.65 -0.73) (end -1.65 0.73) (layer B.CrtYd) (width 0.05))
    (fp_line (start -1.65 0.73) (end 1.65 0.73) (layer B.CrtYd) (width 0.05))
    (fp_line (start 1.65 0.73) (end 1.65 -0.73) (layer B.CrtYd) (width 0.05))
    (fp_line (start 1.65 -0.73) (end -1.65 -0.73) (layer B.CrtYd) (width 0.05))
    (fp_text user %R (at 0 0 180) (layer B.Fab)
      (effects (font (size 0.4 0.4) (thickness 0.06)) (justify mirror))
    )
    (pad 1 smd roundrect (at -0.875 0 270) (size 1.05 0.95) (layers B.Cu B.Paste B.Mask) (roundrect_rratio 0.25)
      (net 2 3.3V))
    (pad 2 smd roundrect (at 0.875 0 270) (size 1.05 0.95) (layers B.Cu B.Paste B.Mask) (roundrect_rratio 0.25)
      (net 1 GND))
    (model ${KISYS3DMOD}/Capacitor_SMD.3dshapes/C_0603_1608Metric.wrl
      (at (xyz 0 0 0))
      (scale (xyz 1 1 1))
      (rotate (xyz 0 0 0))
    )
  )

  (module Capacitor_SMD:C_0603_1608Metric_Pad1.05x0.95mm_HandSolder (layer B.Cu) (tedit 5B301BBE) (tstamp 5CB2BFE4)
    (at 156.097123 85.987339 270)
    (descr "Capacitor SMD 0603 (1608 Metric), square (rectangular) end terminal, IPC_7351 nominal with elongated pad for handsoldering. (Body size source: http://www.tortai-tech.com/upload/download/2011102023233369053.pdf), generated with kicad-footprint-generator")
    (tags "capacitor handsolder")
    (path /5CA79EF3)
    (attr smd)
    (fp_text reference C3 (at 0 1.43 270) (layer B.SilkS)
      (effects (font (size 1 1) (thickness 0.15)) (justify mirror))
    )
    (fp_text value 1u (at 0 -1.43 270) (layer B.Fab)
      (effects (font (size 1 1) (thickness 0.15)) (justify mirror))
    )
    (fp_text user %R (at 0 0 270) (layer B.Fab)
      (effects (font (size 0.4 0.4) (thickness 0.06)) (justify mirror))
    )
    (fp_line (start 1.65 -0.73) (end -1.65 -0.73) (layer B.CrtYd) (width 0.05))
    (fp_line (start 1.65 0.73) (end 1.65 -0.73) (layer B.CrtYd) (width 0.05))
    (fp_line (start -1.65 0.73) (end 1.65 0.73) (layer B.CrtYd) (width 0.05))
    (fp_line (start -1.65 -0.73) (end -1.65 0.73) (layer B.CrtYd) (width 0.05))
    (fp_line (start -0.171267 -0.51) (end 0.171267 -0.51) (layer B.SilkS) (width 0.12))
    (fp_line (start -0.171267 0.51) (end 0.171267 0.51) (layer B.SilkS) (width 0.12))
    (fp_line (start 0.8 -0.4) (end -0.8 -0.4) (layer B.Fab) (width 0.1))
    (fp_line (start 0.8 0.4) (end 0.8 -0.4) (layer B.Fab) (width 0.1))
    (fp_line (start -0.8 0.4) (end 0.8 0.4) (layer B.Fab) (width 0.1))
    (fp_line (start -0.8 -0.4) (end -0.8 0.4) (layer B.Fab) (width 0.1))
    (pad 2 smd roundrect (at 0.875 0 270) (size 1.05 0.95) (layers B.Cu B.Paste B.Mask) (roundrect_rratio 0.25)
      (net 1 GND))
    (pad 1 smd roundrect (at -0.875 0 270) (size 1.05 0.95) (layers B.Cu B.Paste B.Mask) (roundrect_rratio 0.25)
      (net 2 3.3V))
    (model ${KISYS3DMOD}/Capacitor_SMD.3dshapes/C_0603_1608Metric.wrl
      (at (xyz 0 0 0))
      (scale (xyz 1 1 1))
      (rotate (xyz 0 0 0))
    )
  )

  (module Resistor_SMD:R_0603_1608Metric_Pad1.05x0.95mm_HandSolder (layer B.Cu) (tedit 5B301BBD) (tstamp 5CB2C042)
    (at 156.250001 97.390001 180)
    (descr "Resistor SMD 0603 (1608 Metric), square (rectangular) end terminal, IPC_7351 nominal with elongated pad for handsoldering. (Body size source: http://www.tortai-tech.com/upload/download/2011102023233369053.pdf), generated with kicad-footprint-generator")
    (tags "resistor handsolder")
    (path /5CA64E00)
    (attr smd)
    (fp_text reference R2 (at 0 1.43 180) (layer B.SilkS)
      (effects (font (size 1 1) (thickness 0.15)) (justify mirror))
    )
    (fp_text value 1M (at 0 -1.43 180) (layer B.Fab)
      (effects (font (size 1 1) (thickness 0.15)) (justify mirror))
    )
    (fp_text user %R (at 0 0 180) (layer B.Fab)
      (effects (font (size 0.4 0.4) (thickness 0.06)) (justify mirror))
    )
    (fp_line (start 1.65 -0.73) (end -1.65 -0.73) (layer B.CrtYd) (width 0.05))
    (fp_line (start 1.65 0.73) (end 1.65 -0.73) (layer B.CrtYd) (width 0.05))
    (fp_line (start -1.65 0.73) (end 1.65 0.73) (layer B.CrtYd) (width 0.05))
    (fp_line (start -1.65 -0.73) (end -1.65 0.73) (layer B.CrtYd) (width 0.05))
    (fp_line (start -0.171267 -0.51) (end 0.171267 -0.51) (layer B.SilkS) (width 0.12))
    (fp_line (start -0.171267 0.51) (end 0.171267 0.51) (layer B.SilkS) (width 0.12))
    (fp_line (start 0.8 -0.4) (end -0.8 -0.4) (layer B.Fab) (width 0.1))
    (fp_line (start 0.8 0.4) (end 0.8 -0.4) (layer B.Fab) (width 0.1))
    (fp_line (start -0.8 0.4) (end 0.8 0.4) (layer B.Fab) (width 0.1))
    (fp_line (start -0.8 -0.4) (end -0.8 0.4) (layer B.Fab) (width 0.1))
    (pad 2 smd roundrect (at 0.875 0 180) (size 1.05 0.95) (layers B.Cu B.Paste B.Mask) (roundrect_rratio 0.25)
      (net 2 3.3V))
    (pad 1 smd roundrect (at -0.875 0 180) (size 1.05 0.95) (layers B.Cu B.Paste B.Mask) (roundrect_rratio 0.25)
      (net 7 A1))
    (model ${KISYS3DMOD}/Resistor_SMD.3dshapes/R_0603_1608Metric.wrl
      (at (xyz 0 0 0))
      (scale (xyz 1 1 1))
      (rotate (xyz 0 0 0))
    )
  )

  (module Resistor_SMD:R_0603_1608Metric_Pad1.05x0.95mm_HandSolder (layer B.Cu) (tedit 5B301BBD) (tstamp 5CB31D1E)
    (at 114.6 110.55 90)
    (descr "Resistor SMD 0603 (1608 Metric), square (rectangular) end terminal, IPC_7351 nominal with elongated pad for handsoldering. (Body size source: http://www.tortai-tech.com/upload/download/2011102023233369053.pdf), generated with kicad-footprint-generator")
    (tags "resistor handsolder")
    (path /5CA7732B)
    (attr smd)
    (fp_text reference R4 (at 0 1.43 90) (layer B.SilkS)
      (effects (font (size 1 1) (thickness 0.15)) (justify mirror))
    )
    (fp_text value 10k (at 0 -1.43 90) (layer B.Fab)
      (effects (font (size 1 1) (thickness 0.15)) (justify mirror))
    )
    (fp_line (start -0.8 -0.4) (end -0.8 0.4) (layer B.Fab) (width 0.1))
    (fp_line (start -0.8 0.4) (end 0.8 0.4) (layer B.Fab) (width 0.1))
    (fp_line (start 0.8 0.4) (end 0.8 -0.4) (layer B.Fab) (width 0.1))
    (fp_line (start 0.8 -0.4) (end -0.8 -0.4) (layer B.Fab) (width 0.1))
    (fp_line (start -0.171267 0.51) (end 0.171267 0.51) (layer B.SilkS) (width 0.12))
    (fp_line (start -0.171267 -0.51) (end 0.171267 -0.51) (layer B.SilkS) (width 0.12))
    (fp_line (start -1.65 -0.73) (end -1.65 0.73) (layer B.CrtYd) (width 0.05))
    (fp_line (start -1.65 0.73) (end 1.65 0.73) (layer B.CrtYd) (width 0.05))
    (fp_line (start 1.65 0.73) (end 1.65 -0.73) (layer B.CrtYd) (width 0.05))
    (fp_line (start 1.65 -0.73) (end -1.65 -0.73) (layer B.CrtYd) (width 0.05))
    (fp_text user %R (at 0 0 90) (layer B.Fab)
      (effects (font (size 0.4 0.4) (thickness 0.06)) (justify mirror))
    )
    (pad 1 smd roundrect (at -0.875 0 90) (size 1.05 0.95) (layers B.Cu B.Paste B.Mask) (roundrect_rratio 0.25)
      (net 2 3.3V))
    (pad 2 smd roundrect (at 0.875 0 90) (size 1.05 0.95) (layers B.Cu B.Paste B.Mask) (roundrect_rratio 0.25)
      (net 5 INT))
    (model ${KISYS3DMOD}/Resistor_SMD.3dshapes/R_0603_1608Metric.wrl
      (at (xyz 0 0 0))
      (scale (xyz 1 1 1))
      (rotate (xyz 0 0 0))
    )
  )

  (module kbd:CherryMX_Hotswap (layer F.Cu) (tedit 5C0D2157) (tstamp 5CB2C0B1)
    (at 74.600001 79.600001 90)
    (path /5CA5B229)
    (fp_text reference SW1 (at 7.1 8.2 90) (layer F.SilkS) hide
      (effects (font (size 1 1) (thickness 0.15)))
    )
    (fp_text value SW_Push (at -4.8 8.3 90) (layer F.Fab) hide
      (effects (font (size 1 1) (thickness 0.15)))
    )
    (fp_line (start 4.4 -3.9) (end 4.4 -3.2) (layer B.SilkS) (width 0.4))
    (fp_line (start 4.4 -6.4) (end 3 -6.4) (layer B.SilkS) (width 0.4))
    (fp_line (start -5.7 -1.3) (end -3 -1.3) (layer B.SilkS) (width 0.5))
    (fp_arc (start -0.865 -1.23) (end -0.8 -3.4) (angle -84) (layer B.SilkS) (width 1))
    (fp_line (start 4.6 -6.25) (end 4.6 -6.6) (layer B.SilkS) (width 0.15))
    (fp_arc (start -3.9 -4.6) (end -3.800001 -6.6) (angle -90) (layer B.SilkS) (width 0.15))
    (fp_arc (start -0.465 -0.83) (end -0.4 -3) (angle -84) (layer B.SilkS) (width 0.15))
    (fp_line (start 4.6 -6.6) (end -3.800001 -6.6) (layer B.SilkS) (width 0.15))
    (fp_line (start -0.4 -3) (end 4.6 -3) (layer B.SilkS) (width 0.15))
    (fp_line (start -5.9 -1.1) (end -2.62 -1.1) (layer B.SilkS) (width 0.15))
    (fp_line (start -5.9 -4.7) (end -5.9 -3.7) (layer B.SilkS) (width 0.15))
    (fp_line (start -5.9 -1.1) (end -5.9 -1.46) (layer B.SilkS) (width 0.15))
    (fp_line (start -5.7 -1.46) (end -5.9 -1.46) (layer B.SilkS) (width 0.15))
    (fp_line (start -5.67 -3.7) (end -5.67 -1.46) (layer B.SilkS) (width 0.15))
    (fp_line (start -5.9 -3.7) (end -5.7 -3.7) (layer B.SilkS) (width 0.15))
    (fp_line (start 4.4 -6.25) (end 4.6 -6.25) (layer B.SilkS) (width 0.15))
    (fp_line (start 4.38 -4) (end 4.38 -6.25) (layer B.SilkS) (width 0.15))
    (fp_line (start 4.6 -4) (end 4.4 -4) (layer B.SilkS) (width 0.15))
    (fp_line (start 4.6 -3) (end 4.6 -4) (layer B.SilkS) (width 0.15))
    (fp_line (start 2.6 -4.8) (end -4.1 -4.8) (layer B.SilkS) (width 3.5))
    (fp_line (start 3.9 -6) (end 3.9 -3.5) (layer B.SilkS) (width 1))
    (fp_line (start 4.3 -3.3) (end 2.9 -3.3) (layer B.SilkS) (width 0.5))
    (fp_line (start -4.17 -5.1) (end -4.17 -2.86) (layer B.SilkS) (width 3))
    (fp_line (start -5.3 -1.6) (end -5.3 -3.399999) (layer B.SilkS) (width 0.8))
    (fp_line (start -5.8 -3.800001) (end -5.8 -4.7) (layer B.SilkS) (width 0.3))
    (fp_line (start 5.799999 -3.8) (end 5.8 -4.699999) (layer F.SilkS) (width 0.3))
    (fp_line (start 5.3 -1.6) (end 5.3 -3.4) (layer F.SilkS) (width 0.8))
    (fp_line (start 4.17 -5.1) (end 4.17 -2.86) (layer F.SilkS) (width 3))
    (fp_line (start -4.3 -3.3) (end -2.9 -3.3) (layer F.SilkS) (width 0.5))
    (fp_line (start -3.9 -6) (end -3.9 -3.5) (layer F.SilkS) (width 1))
    (fp_line (start -2.6 -4.8) (end 4.1 -4.8) (layer F.SilkS) (width 3.5))
    (fp_line (start -4.6 -3) (end -4.6 -4) (layer F.SilkS) (width 0.15))
    (fp_line (start -4.6 -4) (end -4.4 -4) (layer F.SilkS) (width 0.15))
    (fp_line (start -4.38 -4) (end -4.38 -6.25) (layer F.SilkS) (width 0.15))
    (fp_line (start -4.4 -6.25) (end -4.6 -6.25) (layer F.SilkS) (width 0.15))
    (fp_line (start 5.9 -3.7) (end 5.7 -3.7) (layer F.SilkS) (width 0.15))
    (fp_line (start 5.67 -3.7) (end 5.67 -1.46) (layer F.SilkS) (width 0.15))
    (fp_line (start 5.7 -1.46) (end 5.9 -1.46) (layer F.SilkS) (width 0.15))
    (fp_line (start 5.9 -1.1) (end 5.9 -1.46) (layer F.SilkS) (width 0.15))
    (fp_line (start 5.9 -4.7) (end 5.9 -3.7) (layer F.SilkS) (width 0.15))
    (fp_line (start 5.9 -1.1) (end 2.62 -1.1) (layer F.SilkS) (width 0.15))
    (fp_line (start 0.4 -3) (end -4.6 -3) (layer F.SilkS) (width 0.15))
    (fp_line (start -4.6 -6.6) (end 3.8 -6.600001) (layer F.SilkS) (width 0.15))
    (fp_arc (start 0.465 -0.83) (end 0.4 -3) (angle 84) (layer F.SilkS) (width 0.15))
    (fp_arc (start 3.9 -4.6) (end 3.8 -6.600001) (angle 90) (layer F.SilkS) (width 0.15))
    (fp_line (start -4.6 -6.25) (end -4.6 -6.6) (layer F.SilkS) (width 0.15))
    (fp_arc (start 0.865 -1.23) (end 0.8 -3.4) (angle 84) (layer F.SilkS) (width 1))
    (fp_line (start 5.7 -1.3) (end 3 -1.3) (layer F.SilkS) (width 0.5))
    (fp_line (start -4.4 -6.4) (end -3 -6.4) (layer F.SilkS) (width 0.4))
    (fp_line (start -4.4 -3.9) (end -4.4 -3.2) (layer F.SilkS) (width 0.4))
    (fp_line (start -9.525 -9.525) (end 9.525 -9.525) (layer Dwgs.User) (width 0.15))
    (fp_line (start 9.525 -9.525) (end 9.525 9.525) (layer Dwgs.User) (width 0.15))
    (fp_line (start 9.525 9.525) (end -9.525 9.525) (layer Dwgs.User) (width 0.15))
    (fp_line (start -9.525 9.525) (end -9.525 -9.525) (layer Dwgs.User) (width 0.15))
    (fp_line (start -7 -6) (end -7 -7) (layer Dwgs.User) (width 0.15))
    (fp_line (start 7 -7) (end 6 -7) (layer Dwgs.User) (width 0.15))
    (fp_line (start -7 6) (end -7 7) (layer Dwgs.User) (width 0.15))
    (fp_line (start 6 7) (end 7 7) (layer Dwgs.User) (width 0.15))
    (fp_line (start 7 7) (end 7 6) (layer Dwgs.User) (width 0.15))
    (fp_line (start -7 -7) (end -6 -7) (layer Dwgs.User) (width 0.15))
    (fp_line (start 7 -7) (end 7 -6) (layer Dwgs.User) (width 0.15))
    (fp_line (start -7 7) (end -6 7) (layer Dwgs.User) (width 0.15))
    (pad 1 smd rect (at -7 -2.58 270) (size 2.3 2) (layers B.Cu B.Paste B.Mask)
      (net 1 GND))
    (pad 1 smd rect (at 7 -2.58 270) (size 2.3 2) (layers F.Cu F.Paste F.Mask)
      (net 1 GND))
    (pad 2 smd rect (at -5.7 -5.12 270) (size 2.3 2) (layers F.Cu F.Paste F.Mask)
      (net 9 R1C1))
    (pad "" np_thru_hole circle (at -3.81 -2.54 270) (size 3 3) (drill 3) (layers *.Cu *.Mask))
    (pad "" np_thru_hole circle (at -2.54 -5.08 270) (size 3 3) (drill 3) (layers *.Cu *.Mask))
    (pad "" np_thru_hole circle (at 3.81 -2.540001 270) (size 3 3) (drill 3) (layers *.Cu *.Mask))
    (pad "" np_thru_hole circle (at 2.54 -5.08 270) (size 3 3) (drill 3) (layers *.Cu *.Mask))
    (pad "" np_thru_hole circle (at 0 0 180) (size 4.1 4.1) (drill 4.1) (layers *.Cu *.Mask F.SilkS))
    (pad "" np_thru_hole circle (at 5.08 0 90) (size 1.9 1.9) (drill 1.9) (layers *.Cu *.Mask F.SilkS))
    (pad "" np_thru_hole circle (at -5.08 0 90) (size 1.9 1.9) (drill 1.9) (layers *.Cu *.Mask F.SilkS))
    (pad 2 smd rect (at 5.7 -5.12 270) (size 2.3 2) (layers B.Cu B.Paste B.Mask)
      (net 9 R1C1))
  )

  (module kbd:CherryMX_Hotswap (layer F.Cu) (tedit 5C0D2157) (tstamp 5CB2C0FE)
    (at 74.600001 98.650001 90)
    (path /5CA5F9E0)
    (fp_text reference SW2 (at 7.1 8.2 90) (layer F.SilkS) hide
      (effects (font (size 1 1) (thickness 0.15)))
    )
    (fp_text value SW_Push (at -4.8 8.3 90) (layer F.Fab) hide
      (effects (font (size 1 1) (thickness 0.15)))
    )
    (fp_line (start -7 7) (end -6 7) (layer Dwgs.User) (width 0.15))
    (fp_line (start 7 -7) (end 7 -6) (layer Dwgs.User) (width 0.15))
    (fp_line (start -7 -7) (end -6 -7) (layer Dwgs.User) (width 0.15))
    (fp_line (start 7 7) (end 7 6) (layer Dwgs.User) (width 0.15))
    (fp_line (start 6 7) (end 7 7) (layer Dwgs.User) (width 0.15))
    (fp_line (start -7 6) (end -7 7) (layer Dwgs.User) (width 0.15))
    (fp_line (start 7 -7) (end 6 -7) (layer Dwgs.User) (width 0.15))
    (fp_line (start -7 -6) (end -7 -7) (layer Dwgs.User) (width 0.15))
    (fp_line (start -9.525 9.525) (end -9.525 -9.525) (layer Dwgs.User) (width 0.15))
    (fp_line (start 9.525 9.525) (end -9.525 9.525) (layer Dwgs.User) (width 0.15))
    (fp_line (start 9.525 -9.525) (end 9.525 9.525) (layer Dwgs.User) (width 0.15))
    (fp_line (start -9.525 -9.525) (end 9.525 -9.525) (layer Dwgs.User) (width 0.15))
    (fp_line (start -4.4 -3.9) (end -4.4 -3.2) (layer F.SilkS) (width 0.4))
    (fp_line (start -4.4 -6.4) (end -3 -6.4) (layer F.SilkS) (width 0.4))
    (fp_line (start 5.7 -1.3) (end 3 -1.3) (layer F.SilkS) (width 0.5))
    (fp_arc (start 0.865 -1.23) (end 0.8 -3.4) (angle 84) (layer F.SilkS) (width 1))
    (fp_line (start -4.6 -6.25) (end -4.6 -6.6) (layer F.SilkS) (width 0.15))
    (fp_arc (start 3.9 -4.6) (end 3.8 -6.600001) (angle 90) (layer F.SilkS) (width 0.15))
    (fp_arc (start 0.465 -0.83) (end 0.4 -3) (angle 84) (layer F.SilkS) (width 0.15))
    (fp_line (start -4.6 -6.6) (end 3.8 -6.600001) (layer F.SilkS) (width 0.15))
    (fp_line (start 0.4 -3) (end -4.6 -3) (layer F.SilkS) (width 0.15))
    (fp_line (start 5.9 -1.1) (end 2.62 -1.1) (layer F.SilkS) (width 0.15))
    (fp_line (start 5.9 -4.7) (end 5.9 -3.7) (layer F.SilkS) (width 0.15))
    (fp_line (start 5.9 -1.1) (end 5.9 -1.46) (layer F.SilkS) (width 0.15))
    (fp_line (start 5.7 -1.46) (end 5.9 -1.46) (layer F.SilkS) (width 0.15))
    (fp_line (start 5.67 -3.7) (end 5.67 -1.46) (layer F.SilkS) (width 0.15))
    (fp_line (start 5.9 -3.7) (end 5.7 -3.7) (layer F.SilkS) (width 0.15))
    (fp_line (start -4.4 -6.25) (end -4.6 -6.25) (layer F.SilkS) (width 0.15))
    (fp_line (start -4.38 -4) (end -4.38 -6.25) (layer F.SilkS) (width 0.15))
    (fp_line (start -4.6 -4) (end -4.4 -4) (layer F.SilkS) (width 0.15))
    (fp_line (start -4.6 -3) (end -4.6 -4) (layer F.SilkS) (width 0.15))
    (fp_line (start -2.6 -4.8) (end 4.1 -4.8) (layer F.SilkS) (width 3.5))
    (fp_line (start -3.9 -6) (end -3.9 -3.5) (layer F.SilkS) (width 1))
    (fp_line (start -4.3 -3.3) (end -2.9 -3.3) (layer F.SilkS) (width 0.5))
    (fp_line (start 4.17 -5.1) (end 4.17 -2.86) (layer F.SilkS) (width 3))
    (fp_line (start 5.3 -1.6) (end 5.3 -3.4) (layer F.SilkS) (width 0.8))
    (fp_line (start 5.799999 -3.8) (end 5.8 -4.699999) (layer F.SilkS) (width 0.3))
    (fp_line (start -5.8 -3.800001) (end -5.8 -4.7) (layer B.SilkS) (width 0.3))
    (fp_line (start -5.3 -1.6) (end -5.3 -3.399999) (layer B.SilkS) (width 0.8))
    (fp_line (start -4.17 -5.1) (end -4.17 -2.86) (layer B.SilkS) (width 3))
    (fp_line (start 4.3 -3.3) (end 2.9 -3.3) (layer B.SilkS) (width 0.5))
    (fp_line (start 3.9 -6) (end 3.9 -3.5) (layer B.SilkS) (width 1))
    (fp_line (start 2.6 -4.8) (end -4.1 -4.8) (layer B.SilkS) (width 3.5))
    (fp_line (start 4.6 -3) (end 4.6 -4) (layer B.SilkS) (width 0.15))
    (fp_line (start 4.6 -4) (end 4.4 -4) (layer B.SilkS) (width 0.15))
    (fp_line (start 4.38 -4) (end 4.38 -6.25) (layer B.SilkS) (width 0.15))
    (fp_line (start 4.4 -6.25) (end 4.6 -6.25) (layer B.SilkS) (width 0.15))
    (fp_line (start -5.9 -3.7) (end -5.7 -3.7) (layer B.SilkS) (width 0.15))
    (fp_line (start -5.67 -3.7) (end -5.67 -1.46) (layer B.SilkS) (width 0.15))
    (fp_line (start -5.7 -1.46) (end -5.9 -1.46) (layer B.SilkS) (width 0.15))
    (fp_line (start -5.9 -1.1) (end -5.9 -1.46) (layer B.SilkS) (width 0.15))
    (fp_line (start -5.9 -4.7) (end -5.9 -3.7) (layer B.SilkS) (width 0.15))
    (fp_line (start -5.9 -1.1) (end -2.62 -1.1) (layer B.SilkS) (width 0.15))
    (fp_line (start -0.4 -3) (end 4.6 -3) (layer B.SilkS) (width 0.15))
    (fp_line (start 4.6 -6.6) (end -3.800001 -6.6) (layer B.SilkS) (width 0.15))
    (fp_arc (start -0.465 -0.83) (end -0.4 -3) (angle -84) (layer B.SilkS) (width 0.15))
    (fp_arc (start -3.9 -4.6) (end -3.800001 -6.6) (angle -90) (layer B.SilkS) (width 0.15))
    (fp_line (start 4.6 -6.25) (end 4.6 -6.6) (layer B.SilkS) (width 0.15))
    (fp_arc (start -0.865 -1.23) (end -0.8 -3.4) (angle -84) (layer B.SilkS) (width 1))
    (fp_line (start -5.7 -1.3) (end -3 -1.3) (layer B.SilkS) (width 0.5))
    (fp_line (start 4.4 -6.4) (end 3 -6.4) (layer B.SilkS) (width 0.4))
    (fp_line (start 4.4 -3.9) (end 4.4 -3.2) (layer B.SilkS) (width 0.4))
    (pad 2 smd rect (at 5.7 -5.12 270) (size 2.3 2) (layers B.Cu B.Paste B.Mask)
      (net 14 R2C1))
    (pad "" np_thru_hole circle (at -5.08 0 90) (size 1.9 1.9) (drill 1.9) (layers *.Cu *.Mask F.SilkS))
    (pad "" np_thru_hole circle (at 5.08 0 90) (size 1.9 1.9) (drill 1.9) (layers *.Cu *.Mask F.SilkS))
    (pad "" np_thru_hole circle (at 0 0 180) (size 4.1 4.1) (drill 4.1) (layers *.Cu *.Mask F.SilkS))
    (pad "" np_thru_hole circle (at 2.54 -5.08 270) (size 3 3) (drill 3) (layers *.Cu *.Mask))
    (pad "" np_thru_hole circle (at 3.81 -2.540001 270) (size 3 3) (drill 3) (layers *.Cu *.Mask))
    (pad "" np_thru_hole circle (at -2.54 -5.08 270) (size 3 3) (drill 3) (layers *.Cu *.Mask))
    (pad "" np_thru_hole circle (at -3.81 -2.54 270) (size 3 3) (drill 3) (layers *.Cu *.Mask))
    (pad 2 smd rect (at -5.7 -5.12 270) (size 2.3 2) (layers F.Cu F.Paste F.Mask)
      (net 14 R2C1))
    (pad 1 smd rect (at 7 -2.58 270) (size 2.3 2) (layers F.Cu F.Paste F.Mask)
      (net 1 GND))
    (pad 1 smd rect (at -7 -2.58 270) (size 2.3 2) (layers B.Cu B.Paste B.Mask)
      (net 1 GND))
  )

  (module kbd:CherryMX_Hotswap (layer F.Cu) (tedit 5C0D2157) (tstamp 5CB2C14B)
    (at 74.600001 117.700001 90)
    (path /5CA603D8)
    (fp_text reference SW3 (at 7.1 8.2 90) (layer F.SilkS) hide
      (effects (font (size 1 1) (thickness 0.15)))
    )
    (fp_text value SW_Push (at -4.8 8.3 90) (layer F.Fab) hide
      (effects (font (size 1 1) (thickness 0.15)))
    )
    (fp_line (start 4.4 -3.9) (end 4.4 -3.2) (layer B.SilkS) (width 0.4))
    (fp_line (start 4.4 -6.4) (end 3 -6.4) (layer B.SilkS) (width 0.4))
    (fp_line (start -5.7 -1.3) (end -3 -1.3) (layer B.SilkS) (width 0.5))
    (fp_arc (start -0.865 -1.23) (end -0.8 -3.4) (angle -84) (layer B.SilkS) (width 1))
    (fp_line (start 4.6 -6.25) (end 4.6 -6.6) (layer B.SilkS) (width 0.15))
    (fp_arc (start -3.9 -4.6) (end -3.800001 -6.6) (angle -90) (layer B.SilkS) (width 0.15))
    (fp_arc (start -0.465 -0.83) (end -0.4 -3) (angle -84) (layer B.SilkS) (width 0.15))
    (fp_line (start 4.6 -6.6) (end -3.800001 -6.6) (layer B.SilkS) (width 0.15))
    (fp_line (start -0.4 -3) (end 4.6 -3) (layer B.SilkS) (width 0.15))
    (fp_line (start -5.9 -1.1) (end -2.62 -1.1) (layer B.SilkS) (width 0.15))
    (fp_line (start -5.9 -4.7) (end -5.9 -3.7) (layer B.SilkS) (width 0.15))
    (fp_line (start -5.9 -1.1) (end -5.9 -1.46) (layer B.SilkS) (width 0.15))
    (fp_line (start -5.7 -1.46) (end -5.9 -1.46) (layer B.SilkS) (width 0.15))
    (fp_line (start -5.67 -3.7) (end -5.67 -1.46) (layer B.SilkS) (width 0.15))
    (fp_line (start -5.9 -3.7) (end -5.7 -3.7) (layer B.SilkS) (width 0.15))
    (fp_line (start 4.4 -6.25) (end 4.6 -6.25) (layer B.SilkS) (width 0.15))
    (fp_line (start 4.38 -4) (end 4.38 -6.25) (layer B.SilkS) (width 0.15))
    (fp_line (start 4.6 -4) (end 4.4 -4) (layer B.SilkS) (width 0.15))
    (fp_line (start 4.6 -3) (end 4.6 -4) (layer B.SilkS) (width 0.15))
    (fp_line (start 2.6 -4.8) (end -4.1 -4.8) (layer B.SilkS) (width 3.5))
    (fp_line (start 3.9 -6) (end 3.9 -3.5) (layer B.SilkS) (width 1))
    (fp_line (start 4.3 -3.3) (end 2.9 -3.3) (layer B.SilkS) (width 0.5))
    (fp_line (start -4.17 -5.1) (end -4.17 -2.86) (layer B.SilkS) (width 3))
    (fp_line (start -5.3 -1.6) (end -5.3 -3.399999) (layer B.SilkS) (width 0.8))
    (fp_line (start -5.8 -3.800001) (end -5.8 -4.7) (layer B.SilkS) (width 0.3))
    (fp_line (start 5.799999 -3.8) (end 5.8 -4.699999) (layer F.SilkS) (width 0.3))
    (fp_line (start 5.3 -1.6) (end 5.3 -3.4) (layer F.SilkS) (width 0.8))
    (fp_line (start 4.17 -5.1) (end 4.17 -2.86) (layer F.SilkS) (width 3))
    (fp_line (start -4.3 -3.3) (end -2.9 -3.3) (layer F.SilkS) (width 0.5))
    (fp_line (start -3.9 -6) (end -3.9 -3.5) (layer F.SilkS) (width 1))
    (fp_line (start -2.6 -4.8) (end 4.1 -4.8) (layer F.SilkS) (width 3.5))
    (fp_line (start -4.6 -3) (end -4.6 -4) (layer F.SilkS) (width 0.15))
    (fp_line (start -4.6 -4) (end -4.4 -4) (layer F.SilkS) (width 0.15))
    (fp_line (start -4.38 -4) (end -4.38 -6.25) (layer F.SilkS) (width 0.15))
    (fp_line (start -4.4 -6.25) (end -4.6 -6.25) (layer F.SilkS) (width 0.15))
    (fp_line (start 5.9 -3.7) (end 5.7 -3.7) (layer F.SilkS) (width 0.15))
    (fp_line (start 5.67 -3.7) (end 5.67 -1.46) (layer F.SilkS) (width 0.15))
    (fp_line (start 5.7 -1.46) (end 5.9 -1.46) (layer F.SilkS) (width 0.15))
    (fp_line (start 5.9 -1.1) (end 5.9 -1.46) (layer F.SilkS) (width 0.15))
    (fp_line (start 5.9 -4.7) (end 5.9 -3.7) (layer F.SilkS) (width 0.15))
    (fp_line (start 5.9 -1.1) (end 2.62 -1.1) (layer F.SilkS) (width 0.15))
    (fp_line (start 0.4 -3) (end -4.6 -3) (layer F.SilkS) (width 0.15))
    (fp_line (start -4.6 -6.6) (end 3.8 -6.600001) (layer F.SilkS) (width 0.15))
    (fp_arc (start 0.465 -0.83) (end 0.4 -3) (angle 84) (layer F.SilkS) (width 0.15))
    (fp_arc (start 3.9 -4.6) (end 3.8 -6.600001) (angle 90) (layer F.SilkS) (width 0.15))
    (fp_line (start -4.6 -6.25) (end -4.6 -6.6) (layer F.SilkS) (width 0.15))
    (fp_arc (start 0.865 -1.23) (end 0.8 -3.4) (angle 84) (layer F.SilkS) (width 1))
    (fp_line (start 5.7 -1.3) (end 3 -1.3) (layer F.SilkS) (width 0.5))
    (fp_line (start -4.4 -6.4) (end -3 -6.4) (layer F.SilkS) (width 0.4))
    (fp_line (start -4.4 -3.9) (end -4.4 -3.2) (layer F.SilkS) (width 0.4))
    (fp_line (start -9.525 -9.525) (end 9.525 -9.525) (layer Dwgs.User) (width 0.15))
    (fp_line (start 9.525 -9.525) (end 9.525 9.525) (layer Dwgs.User) (width 0.15))
    (fp_line (start 9.525 9.525) (end -9.525 9.525) (layer Dwgs.User) (width 0.15))
    (fp_line (start -9.525 9.525) (end -9.525 -9.525) (layer Dwgs.User) (width 0.15))
    (fp_line (start -7 -6) (end -7 -7) (layer Dwgs.User) (width 0.15))
    (fp_line (start 7 -7) (end 6 -7) (layer Dwgs.User) (width 0.15))
    (fp_line (start -7 6) (end -7 7) (layer Dwgs.User) (width 0.15))
    (fp_line (start 6 7) (end 7 7) (layer Dwgs.User) (width 0.15))
    (fp_line (start 7 7) (end 7 6) (layer Dwgs.User) (width 0.15))
    (fp_line (start -7 -7) (end -6 -7) (layer Dwgs.User) (width 0.15))
    (fp_line (start 7 -7) (end 7 -6) (layer Dwgs.User) (width 0.15))
    (fp_line (start -7 7) (end -6 7) (layer Dwgs.User) (width 0.15))
    (pad 1 smd rect (at -7 -2.58 270) (size 2.3 2) (layers B.Cu B.Paste B.Mask)
      (net 1 GND))
    (pad 1 smd rect (at 7 -2.58 270) (size 2.3 2) (layers F.Cu F.Paste F.Mask)
      (net 1 GND))
    (pad 2 smd rect (at -5.7 -5.12 270) (size 2.3 2) (layers F.Cu F.Paste F.Mask)
      (net 19 R3C1))
    (pad "" np_thru_hole circle (at -3.81 -2.54 270) (size 3 3) (drill 3) (layers *.Cu *.Mask))
    (pad "" np_thru_hole circle (at -2.54 -5.08 270) (size 3 3) (drill 3) (layers *.Cu *.Mask))
    (pad "" np_thru_hole circle (at 3.81 -2.540001 270) (size 3 3) (drill 3) (layers *.Cu *.Mask))
    (pad "" np_thru_hole circle (at 2.54 -5.08 270) (size 3 3) (drill 3) (layers *.Cu *.Mask))
    (pad "" np_thru_hole circle (at 0 0 180) (size 4.1 4.1) (drill 4.1) (layers *.Cu *.Mask F.SilkS))
    (pad "" np_thru_hole circle (at 5.08 0 90) (size 1.9 1.9) (drill 1.9) (layers *.Cu *.Mask F.SilkS))
    (pad "" np_thru_hole circle (at -5.08 0 90) (size 1.9 1.9) (drill 1.9) (layers *.Cu *.Mask F.SilkS))
    (pad 2 smd rect (at 5.7 -5.12 270) (size 2.3 2) (layers B.Cu B.Paste B.Mask)
      (net 19 R3C1))
  )

  (module kbd:CherryMX_Hotswap (layer F.Cu) (tedit 5C0D2157) (tstamp 5CB2C198)
    (at 93.650001 79.600001 270)
    (path /5CA5C770)
    (fp_text reference SW4 (at 7.1 8.2 270) (layer F.SilkS) hide
      (effects (font (size 1 1) (thickness 0.15)))
    )
    (fp_text value SW_Push (at -4.8 8.3 270) (layer F.Fab) hide
      (effects (font (size 1 1) (thickness 0.15)))
    )
    (fp_line (start -7 7) (end -6 7) (layer Dwgs.User) (width 0.15))
    (fp_line (start 7 -7) (end 7 -6) (layer Dwgs.User) (width 0.15))
    (fp_line (start -7 -7) (end -6 -7) (layer Dwgs.User) (width 0.15))
    (fp_line (start 7 7) (end 7 6) (layer Dwgs.User) (width 0.15))
    (fp_line (start 6 7) (end 7 7) (layer Dwgs.User) (width 0.15))
    (fp_line (start -7 6) (end -7 7) (layer Dwgs.User) (width 0.15))
    (fp_line (start 7 -7) (end 6 -7) (layer Dwgs.User) (width 0.15))
    (fp_line (start -7 -6) (end -7 -7) (layer Dwgs.User) (width 0.15))
    (fp_line (start -9.525 9.525) (end -9.525 -9.525) (layer Dwgs.User) (width 0.15))
    (fp_line (start 9.525 9.525) (end -9.525 9.525) (layer Dwgs.User) (width 0.15))
    (fp_line (start 9.525 -9.525) (end 9.525 9.525) (layer Dwgs.User) (width 0.15))
    (fp_line (start -9.525 -9.525) (end 9.525 -9.525) (layer Dwgs.User) (width 0.15))
    (fp_line (start -4.4 -3.9) (end -4.4 -3.2) (layer F.SilkS) (width 0.4))
    (fp_line (start -4.4 -6.4) (end -3 -6.4) (layer F.SilkS) (width 0.4))
    (fp_line (start 5.7 -1.3) (end 3 -1.3) (layer F.SilkS) (width 0.5))
    (fp_arc (start 0.865 -1.23) (end 0.8 -3.4) (angle 84) (layer F.SilkS) (width 1))
    (fp_line (start -4.6 -6.25) (end -4.6 -6.6) (layer F.SilkS) (width 0.15))
    (fp_arc (start 3.9 -4.6) (end 3.8 -6.600001) (angle 90) (layer F.SilkS) (width 0.15))
    (fp_arc (start 0.465 -0.83) (end 0.4 -3) (angle 84) (layer F.SilkS) (width 0.15))
    (fp_line (start -4.6 -6.6) (end 3.8 -6.600001) (layer F.SilkS) (width 0.15))
    (fp_line (start 0.4 -3) (end -4.6 -3) (layer F.SilkS) (width 0.15))
    (fp_line (start 5.9 -1.1) (end 2.62 -1.1) (layer F.SilkS) (width 0.15))
    (fp_line (start 5.9 -4.7) (end 5.9 -3.7) (layer F.SilkS) (width 0.15))
    (fp_line (start 5.9 -1.1) (end 5.9 -1.46) (layer F.SilkS) (width 0.15))
    (fp_line (start 5.7 -1.46) (end 5.9 -1.46) (layer F.SilkS) (width 0.15))
    (fp_line (start 5.67 -3.7) (end 5.67 -1.46) (layer F.SilkS) (width 0.15))
    (fp_line (start 5.9 -3.7) (end 5.7 -3.7) (layer F.SilkS) (width 0.15))
    (fp_line (start -4.4 -6.25) (end -4.6 -6.25) (layer F.SilkS) (width 0.15))
    (fp_line (start -4.38 -4) (end -4.38 -6.25) (layer F.SilkS) (width 0.15))
    (fp_line (start -4.6 -4) (end -4.4 -4) (layer F.SilkS) (width 0.15))
    (fp_line (start -4.6 -3) (end -4.6 -4) (layer F.SilkS) (width 0.15))
    (fp_line (start -2.6 -4.8) (end 4.1 -4.8) (layer F.SilkS) (width 3.5))
    (fp_line (start -3.9 -6) (end -3.9 -3.5) (layer F.SilkS) (width 1))
    (fp_line (start -4.3 -3.3) (end -2.9 -3.3) (layer F.SilkS) (width 0.5))
    (fp_line (start 4.17 -5.1) (end 4.17 -2.86) (layer F.SilkS) (width 3))
    (fp_line (start 5.3 -1.6) (end 5.3 -3.4) (layer F.SilkS) (width 0.8))
    (fp_line (start 5.799999 -3.8) (end 5.8 -4.699999) (layer F.SilkS) (width 0.3))
